RESFDN^ZH_LABEL^SOURCE_NE^REMOTE_NE^PIR^CIR^PROTECT_GROUP^BACKUP_ROLE^QUALITY_PERSON^SOURCE_PORT^REMOTE_PORT^RELATED_TUNNEL^ZH_LABEL_JT^STATUS^DIRECTION_TYPE^CITY_ID^COUNTY_ID^ALIAS^RELATED_CIRCUITS^SOURCE_CARD_ID^REMOTE_CARD_ID^RELATED_EMS^USE_TYPE^TRAN_RALATE^SOURCE_VLAN^DESTINATION_VLAN^USERLABEL^ORIG_TP_FDN^SOURCE_INLABEL^SOURCE_OUTLABEL^DESTINATION_INLABEL^DESTINATION_OUTLABEL^ACTIVE_FLAG^BANDING_SERVICE_TYPE^QOS^VLANID^PWE_TYPE^NATINE_EMS_NAME^FDN^REMARK^STATEFLAG^TIME_STAMP^CREATOR^CREAT_TIME^MODIFIER^MODIFY_TIME^INT_ID^IS_ERROR^ERROR
^DNI:PW-4382-文山州移动大楼2G3G落地3(7F) 6500_HX_4383-文山州移动大楼2G3G落地4(7F) 6500_HX-189823^-1932424949^-1932424929^^^^^^0^0^4840798307^^1^^9^118^^^0^0^53935988^^^^^DNI:PW-4382-文山州移动大楼2G3G落地3(7F) 6500_HX_4383-文山州移动大楼2G3G落地4(7F) 6500_HX-189823^5326ZTCS1ETP2PO3IP^^^^^^^^^^DNI:PW-4382-文山州移动大楼2G3G落地3(7F) 6500_HX_4383-文山州移动大楼2G3G落地4(7F) 6500_HX-189823^5326ZTCS1PSW453WAFCEZXWQ^^0^2021-12-27 06:04:36^SYSTEM_NEW^2021-12-17 14:26:16^SYSTEM_NEW^2021-12-27 06:04:36^4849821692^^
^DNI:PW-4382-文山州移动大楼2G3G落地3(7F) 6500_HX_4383-文山州移动大楼2G3G落地4(7F) 6500_HX-189824^-1932424949^-1932424929^^^^^^0^0^4840798307^^1^^9^118^^^0^0^53935988^^^^^DNI:PW-4382-文山州移动大楼2G3G落地3(7F) 6500_HX_4383-文山州移动大楼2G3G落地4(7F) 6500_HX-189824^5326ZTCS1ETP2PO3JU^^^^^^^^^^DNI:PW-4382-文山州移动大楼2G3G落地3(7F) 6500_HX_4383-文山州移动大楼2G3G落地4(7F) 6500_HX-189824^5326ZTCS1PSW453WAFCEZXWT^^0^2021-12-27 06:03:50^SYSTEM_NEW^2021-12-17 14:26:44^SYSTEM_NEW^2021-12-27 06:03:50^4849821703^^
^DNI:PW-4382-文山州移动大楼2G3G落地3(7F) 6500_HX_4383-文山州移动大楼2G3G落地4(7F) 6500_HX-189806^-1932424949^-1932424929^^^^^^0^0^4840798307^^1^^9^118^^^0^0^53935988^^^^^DNI:PW-4382-文山州移动大楼2G3G落地3(7F) 6500_HX_4383-文山州移动大楼2G3G落地4(7F) 6500_HX-189806^5326ZTCS1ETP2PO2SK^^^^^^^^^^DNI:PW-4382-文山州移动大楼2G3G落地3(7F) 6500_HX_4383-文山州移动大楼2G3G落地4(7F) 6500_HX-189806^5326ZTCS1PSW453WAFCEZXVN^^0^2021-12-27 06:03:42^SYSTEM_NEW^2021-12-17 14:26:59^SYSTEM_NEW^2021-12-27 06:03:42^4849821714^^
^DNI:PW-4382-文山州移动大楼2G3G落地3(7F) 6500_HX_4383-文山州移动大楼2G3G落地4(7F) 6500_HX-191019^-1932424949^-1932424929^^^^^^0^0^4840798307^^1^^9^118^^^0^0^53935988^^^^^DNI:PW-4382-文山州移动大楼2G3G落地3(7F) 6500_HX_4383-文山州移动大楼2G3G落地4(7F) 6500_HX-191019^5326ZTCS1ETP2POFMX^^^^^^^^^^DNI:PW-4382-文山州移动大楼2G3G落地3(7F) 6500_HX_4383-文山州移动大楼2G3G落地4(7F) 6500_HX-191019^5326ZTCS1PSW453WAFCEZZSU^^0^2021-12-27 06:03:18^SYSTEM_NEW^2021-12-17 14:27:00^SYSTEM_NEW^2021-12-27 06:03:18^4849821715^^
^PW-2G -W-43-文山州七楼9008_HX^53967856^-1932424949^^^^^^58274049^-1929293398^4808450678^^1^^9^118^^^0^0^53935988^^^^^PW-2G -W-43-文山州七楼9008_HX^5326ZTCS1ETPWVVT^^^^^^^^^^PW-2G -W-43-文山州七楼9008_HX^5326ZTCS1PSW453WAFCEZZAX^^0^2021-12-27 06:03:46^SYSTEM_NEW^2021-12-17 14:27:00^SYSTEM_NEW^2021-12-27 06:03:46^4849821716^^
^DNI:PW-4382-文山州移动大楼2G3G落地3(7F) 6500_HX_4383-文山州移动大楼2G3G落地4(7F) 6500_HX-190775^-1932424949^-1932424929^^^^^^0^0^4840798307^^1^^9^118^^^0^0^53935988^^^^^DNI:PW-4382-文山州移动大楼2G3G落地3(7F) 6500_HX_4383-文山州移动大楼2G3G落地4(7F) 6500_HX-190775^5326ZTCS1ETP2POECO^^^^^^^^^^DNI:PW-4382-文山州移动大楼2G3G落地3(7F) 6500_HX_4383-文山州移动大楼2G3G落地4(7F) 6500_HX-190775^5326ZTCS1PSW453WAFCEZZEG^^0^2021-12-27 06:03:22^SYSTEM_NEW^2021-12-17 14:27:08^SYSTEM_NEW^2021-12-27 06:03:22^4849821730^^
^PW-全业务-P-4524-广南县克西堡6220_B^-1913576048^-1932424929^^^^^^0^0^4808453650^^1^^9^120^^^0^0^53935988^^^^^PW-全业务-P-4524-广南县克西堡6220_B^5326ZTCS1ETP2SRJBA^^^^^^^^^^PW-全业务-P-4524-广南县克西堡6220_B^5326ZTCS1PSW453WAFCEZZ9K^^0^2021-12-27 06:03:37^SYSTEM_NEW^2021-12-17 14:27:09^SYSTEM_NEW^2021-12-27 06:03:37^4849821731^^
^PW-全业务-W-1224-麻栗坡县芭蕉村6200_B^53985173^-1932424949^^^^^^57446247^-1828967792^4808466557^^1^^9^121^^^0^0^53935988^^^^^PW-全业务-W-1224-麻栗坡县芭蕉村6200_B^5326ZTCS1ETPQPG91^^^^^^^^^^PW-全业务-W-1224-麻栗坡县芭蕉村6200_B^5326ZTCS1PSW453WAFCEZXZG^^0^2021-12-27 06:03:24^SYSTEM_NEW^2021-12-17 14:27:09^SYSTEM_NEW^2021-12-27 06:03:24^4849821732^^
^DNI:PW-4382-文山州移动大楼2G3G落地3(7F) 6500_HX_4383-文山州移动大楼2G3G落地4(7F) 6500_HX-191039^-1932424949^-1932424929^^^^^^0^0^4840798307^^1^^9^118^^^0^0^53935988^^^^^DNI:PW-4382-文山州移动大楼2G3G落地3(7F) 6500_HX_4383-文山州移动大楼2G3G落地4(7F) 6500_HX-191039^5326ZTCS1ETP2POFRI^^^^^^^^^^DNI:PW-4382-文山州移动大楼2G3G落地3(7F) 6500_HX_4383-文山州移动大楼2G3G落地4(7F) 6500_HX-191039^5326ZTCS1PSW453WAFCEZZTY^^0^2021-12-27 06:03:14^SYSTEM_NEW^2021-12-17 14:27:10^SYSTEM_NEW^2021-12-27 06:03:14^4849821734^^
^DNI:PW-4382-文山州移动大楼2G3G落地3(7F) 6500_HX_4383-文山州移动大楼2G3G落地4(7F) 6500_HX-190347^-1932424949^-1932424929^^^^^^0^0^4840798307^^1^^9^118^^^0^0^53935988^^^^^DNI:PW-4382-文山州移动大楼2G3G落地3(7F) 6500_HX_4383-文山州移动大楼2G3G落地4(7F) 6500_HX-190347^5326ZTCS1ETP2POBHC^^^^^^^^^^DNI:PW-4382-文山州移动大楼2G3G落地3(7F) 6500_HX_4383-文山州移动大楼2G3G落地4(7F) 6500_HX-190347^5326ZTCS1PSW453WAFCEZYR3^^0^2021-12-27 06:03:49^SYSTEM_NEW^2021-12-17 14:27:10^SYSTEM_NEW^2021-12-27 06:03:49^4849821735^^
^PW-全业务-W-451-麻栗坡县竜林6300^53967676^-1932424949^^^^^^-1893839231^-1828967792^4808471204^^1^^9^121^^^0^0^53935988^^^^^PW-全业务-W-451-麻栗坡县竜林6300^5326ZTCS1ETP9TO2R^^^^^^^^^^PW-全业务-W-451-麻栗坡县竜林6300^5326ZTCS1PSW453WAFCEZXY1^^0^2021-12-27 06:03:41^SYSTEM_NEW^2021-12-17 14:27:11^SYSTEM_NEW^2021-12-27 06:03:41^4849821737^^
^PW-2G-P-4025-西畴县岔河6220_B^-1987896618^-1932424929^^^^^^0^0^4821234393^^1^^9^124^^^0^0^53935988^^^^^PW-2G-P-4025-西畴县岔河6220_B^5326ZTCS1ETP2HV6D8^^^^^^^^^^PW-2G-P-4025-西畴县岔河6220_B^5326ZTCS1PSW453WAFCEZYGW^^0^2021-12-27 06:03:04^SYSTEM_NEW^2021-12-17 14:27:11^SYSTEM_NEW^2021-12-27 06:03:04^4849821738^^
^PW-全业务-W-585-麻栗坡县梁子街6200^53976897^-1932424949^^^^^^3571776784^-1828967790^4830652120^^1^^9^121^^^0^0^53935988^^^^^PW-全业务-W-585-麻栗坡县梁子街6200^5326ZTCS1ETPCR3DY^^^^^^^^^^PW-全业务-W-585-麻栗坡县梁子街6200^5326ZTCS1PSW453WAFCEZYJ1^^0^2021-12-27 06:02:48^SYSTEM_NEW^2021-12-17 14:27:12^SYSTEM_NEW^2021-12-27 06:02:48^4849821739^^
^PW-2G-P-4509-麻栗坡县董干漫江6220_B^-1924628201^-1932424929^^^^^^0^0^4808470324^^1^^9^121^^^0^0^53935988^^^^^PW-2G-P-4509-麻栗坡县董干漫江6220_B^5326ZTCS1ETP2SG30S^^^^^^^^^^PW-2G-P-4509-麻栗坡县董干漫江6220_B^5326ZTCS1PSW453WAFCEZYS5^^0^2021-12-27 06:03:35^SYSTEM_NEW^2021-12-17 14:27:13^SYSTEM_NEW^2021-12-27 06:03:35^4849821740^^
^PW-2G -W-6007-西畴县法斗桃子坪6150_B^-1650256790^-1932424949^^^^^^-1650052696^-1929293398^4808468629^^1^^9^124^^^0^0^53935988^^^^^PW-2G -W-6007-西畴县法斗桃子坪6150_B^5326ZTCS1ETP3Q5XKA^^^^^^^^^^PW-2G -W-6007-西畴县法斗桃子坪6150_B^5326ZTCS1PSW453WAFCEZZBH^^0^2021-12-27 06:03:41^SYSTEM_NEW^2021-12-17 14:27:13^SYSTEM_NEW^2021-12-27 06:03:41^4849821741^^
^PW-2G -W-491-砚山县龙舍6200_B^53967858^-1932424949^^^^^^56329276^-1929293398^4840798369^^1^^9^125^^^0^0^53935988^^^^^PW-2G -W-491-砚山县龙舍6200_B^5326ZTCS1ETPAP8XP^^^^^^^^^^PW-2G -W-491-砚山县龙舍6200_B^5326ZTCS1PSW453WAFCEZZ0Z^^0^2021-12-27 06:03:24^SYSTEM_NEW^2021-12-17 14:27:14^SYSTEM_NEW^2021-12-27 06:03:24^4849821742^^
^DNI:PW-4382-文山州移动大楼2G3G落地3(7F) 6500_HX_4383-文山州移动大楼2G3G落地4(7F) 6500_HX-190486^-1932424949^-1932424929^^^^^^0^0^4840798307^^1^^9^118^^^0^0^53935988^^^^^DNI:PW-4382-文山州移动大楼2G3G落地3(7F) 6500_HX_4383-文山州移动大楼2G3G落地4(7F) 6500_HX-190486^5326ZTCS1ETP2POCF9^^^^^^^^^^DNI:PW-4382-文山州移动大楼2G3G落地3(7F) 6500_HX_4383-文山州移动大楼2G3G落地4(7F) 6500_HX-190486^5326ZTCS1PSW453WAFCEZYYM^^0^2021-12-27 06:03:31^SYSTEM_NEW^2021-12-17 14:27:15^SYSTEM_NEW^2021-12-27 06:03:31^4849821743^^
^DNI:PW-4382-文山州移动大楼2G3G落地3(7F) 6500_HX_4383-文山州移动大楼2G3G落地4(7F) 6500_HX-190765^-1932424949^-1932424929^^^^^^0^0^4840798307^^1^^9^118^^^0^0^53935988^^^^^DNI:PW-4382-文山州移动大楼2G3G落地3(7F) 6500_HX_4383-文山州移动大楼2G3G落地4(7F) 6500_HX-190765^5326ZTCS1ETP2POEBB^^^^^^^^^^DNI:PW-4382-文山州移动大楼2G3G落地3(7F) 6500_HX_4383-文山州移动大楼2G3G落地4(7F) 6500_HX-190765^5326ZTCS1PSW453WAFCEZZE0^^0^2021-12-27 06:03:33^SYSTEM_NEW^2021-12-17 14:27:31^SYSTEM_NEW^2021-12-27 06:03:33^4849821754^^
^PW-全业务-W-1416-西畴县卖酒瓶6110_B^53989482^-1932424949^^^^^^57669758^-1828967790^4821234244^^1^^9^124^^^0^0^53935988^^^^^PW-全业务-W-1416-西畴县卖酒瓶6110_B^5326ZTCS1ETPUW74W^^^^^^^^^^PW-全业务-W-1416-西畴县卖酒瓶6110_B^5326ZTCS1PSW453WAFCEZY10^^0^2021-12-27 06:02:27^SYSTEM_NEW^2021-12-17 14:27:01^SYSTEM_NEW^2021-12-27 06:02:27^4849821717^^
^PW-全业务-P-2760-麻栗坡县隆龙6220_B^145986623^-1932424929^^^^^^0^0^4821234255^^1^^9^121^^^0^0^53935988^^^^^PW-全业务-P-2760-麻栗坡县隆龙6220_B^5326ZTCS1ETP1P9DBC^^^^^^^^^^PW-全业务-P-2760-麻栗坡县隆龙6220_B^5326ZTCS1PSW453WAFCEZY01^^0^2021-12-27 06:03:39^SYSTEM_NEW^2021-12-17 14:27:02^SYSTEM_NEW^2021-12-27 06:03:39^4849821718^^
^PW-全业务-P-1129-麻栗坡县董渡6300^53981942^-1932424929^^^^^^0^0^4821234441^^1^^9^121^^^0^0^53935988^^^^^PW-全业务-P-1129-麻栗坡县董渡6300^5326ZTCS1ETPOMU3O^^^^^^^^^^PW-全业务-P-1129-麻栗坡县董渡6300^5326ZTCS1PSW453WAFCEZY6M^^0^2021-12-27 06:03:38^SYSTEM_NEW^2021-12-17 14:27:03^SYSTEM_NEW^2021-12-27 06:03:38^4849821719^^
^PW-2G-P-6015-西畴县鸡街坝尾6150^-1650256802^-1932424929^^^^^^0^0^4808471240^^1^^9^124^^^0^0^53935988^^^^^PW-2G-P-6015-西畴县鸡街坝尾6150^5326ZTCS1ETP3QC2KC^^^^^^^^^^PW-2G-P-6015-西畴县鸡街坝尾6150^5326ZTCS1PSW453WAFCEZZBM^^0^2021-12-27 06:03:20^SYSTEM_NEW^2021-12-17 14:27:03^SYSTEM_NEW^2021-12-27 06:03:20^4849821720^^
^DNI:PW-4382-文山州移动大楼2G3G落地3(7F) 6500_HX_4383-文山州移动大楼2G3G落地4(7F) 6500_HX-190107^-1932424949^-1932424929^^^^^^0^0^4840798307^^1^^9^118^^^0^0^53935988^^^^^DNI:PW-4382-文山州移动大楼2G3G落地3(7F) 6500_HX_4383-文山州移动大楼2G3G落地4(7F) 6500_HX-190107^5326ZTCS1ETP2PO5PQ^^^^^^^^^^DNI:PW-4382-文山州移动大楼2G3G落地3(7F) 6500_HX_4383-文山州移动大楼2G3G落地4(7F) 6500_HX-190107^5326ZTCS1PSW453WAFCEZYD8^^0^2021-12-27 06:03:36^SYSTEM_NEW^2021-12-17 14:27:05^SYSTEM_NEW^2021-12-27 06:03:36^4849821722^^
^DNI:PW-4382-文山州移动大楼2G3G落地3(7F) 6500_HX_4383-文山州移动大楼2G3G落地4(7F) 6500_HX-189986^-1932424949^-1932424929^^^^^^0^0^4840798307^^1^^9^118^^^0^0^53935988^^^^^DNI:PW-4382-文山州移动大楼2G3G落地3(7F) 6500_HX_4383-文山州移动大楼2G3G落地4(7F) 6500_HX-189986^5326ZTCS1ETP2PO4V1^^^^^^^^^^DNI:PW-4382-文山州移动大楼2G3G落地3(7F) 6500_HX_4383-文山州移动大楼2G3G落地4(7F) 6500_HX-189986^5326ZTCS1PSW453WAFCEZY69^^0^2021-12-27 06:03:29^SYSTEM_NEW^2021-12-17 14:27:04^SYSTEM_NEW^2021-12-27 06:03:29^4849821721^^
^PW-全业务-P-2098-文山市丽水龙庭6200_B^54034993^54017340^^^^^^54990150^-1418707109^4808438851^^1^^9^118^^^0^0^53935988^^^850^850^PW-全业务-P-2098-文山市丽水龙庭6200_B^5326ZTCS1ESP1949881700PB5^^^^^^^^^^PW-全业务-P-2098-文山市丽水龙庭6200_B^5326ZTCS1PSW453WAFCEZZZM^^0^2021-12-27 06:03:07^SYSTEM_NEW^2021-12-17 14:27:07^SYSTEM_NEW^2021-12-27 06:03:07^4849821727^^
^PW-全业务-P-5578-麻栗坡县董干新寨城寨6150_B^-1776952750^-1932424929^^^^^^0^0^4840798272^^1^^9^121^^^0^0^53935988^^^^^PW-全业务-P-5578-麻栗坡县董干新寨城寨6150_B^5326ZTCS1ETP3GS33O^^^^^^^^^^PW-全业务-P-5578-麻栗坡县董干新寨城寨6150_B^5326ZTCS1PSW453WAFCEZYI2^^0^2021-12-27 06:03:36^SYSTEM_NEW^2021-12-17 14:27:05^SYSTEM_NEW^2021-12-27 06:03:36^4849821725^^
^PW-全业务-P-2799-麻栗坡县转堡6220^147838466^-1932424929^^^^^^0^0^4808452770^^1^^9^121^^^0^0^53935988^^^^^PW-全业务-P-2799-麻栗坡县转堡6220^5326ZTCS1ETP1Q46L3^^^^^^^^^^PW-全业务-P-2799-麻栗坡县转堡6220^5326ZTCS1PSW453WAFCEZXVM^^0^2021-12-27 06:03:35^SYSTEM_NEW^2021-12-17 14:27:07^SYSTEM_NEW^2021-12-27 06:03:35^4849821726^^
^PW-全业务-P-4291-麻栗坡县羊皮寨6220^-1950585456^-1932424929^^^^^^0^0^4808452172^^1^^9^121^^^0^0^53935988^^^^^PW-全业务-P-4291-麻栗坡县羊皮寨6220^5326ZTCS1ETP2NOGOC^^^^^^^^^^PW-全业务-P-4291-麻栗坡县羊皮寨6220^5326ZTCS1PSW453WAFCEZXWH^^0^2021-12-27 06:03:44^SYSTEM_NEW^2021-12-17 14:27:07^SYSTEM_NEW^2021-12-27 06:03:44^4849821728^^
^DNI:PW-4382-文山州移动大楼2G3G落地3(7F) 6500_HX_4383-文山州移动大楼2G3G落地4(7F) 6500_HX-190362^-1932424949^-1932424929^^^^^^0^0^4840798307^^1^^9^118^^^0^0^53935988^^^^^DNI:PW-4382-文山州移动大楼2G3G落地3(7F) 6500_HX_4383-文山州移动大楼2G3G落地4(7F) 6500_HX-190362^5326ZTCS1ETP2POBML^^^^^^^^^^DNI:PW-4382-文山州移动大楼2G3G落地3(7F) 6500_HX_4383-文山州移动大楼2G3G落地4(7F) 6500_HX-190362^5326ZTCS1PSW453WAFCEZYRX^^0^2021-12-27 06:02:36^SYSTEM_NEW^2021-12-17 14:27:08^SYSTEM_NEW^2021-12-27 06:02:36^4849821729^^
^PWTRAIL=2634479^53981772^-1709897285^4193^4193^^^^57336408^-1708210197^4851014239^^1^^1^10304^^^0^0^4246014965^^^^^PWTRAIL=2634479^5300HWCSEETPbbdcd104d2d021dd^^^^^^^^^^PWTRAIL=2634479^5300HWCSEPSW7206e73034d724d3^^0^2021-12-25 10:22:03^SYSTEM_NEW^2021-12-17 22:18:33^SYSTEM_NEW^2021-12-25 10:22:03^4850882109^^
^PWTRAIL=2634478^53981772^-1709897285^4193^4193^^^^57336408^-1708210199^4851014239^^1^^1^10304^^^0^0^4246014965^^^^^PWTRAIL=2634478^5300HWCSEETPb163ca2b71600c99^^^^^^^^^^PWTRAIL=2634478^5300HWCSEPSW4ef920423d70335b^^0^2021-12-25 10:22:03^SYSTEM_NEW^2021-12-17 22:18:33^SYSTEM_NEW^2021-12-25 10:22:03^4850882110^^
^PW-2G -W-4509-麻栗坡县董干漫江6220_B^-1924628201^-1932424949^^^^^^-1924540021^-648767541^4808454015^^1^^9^121^^^0^0^53935988^^^^^PW-2G -W-4509-麻栗坡县董干漫江6220_B^5326ZTCS1ETP2SG304^^^^^^^^^^PW-2G -W-4509-麻栗坡县董干漫江6220_B^5326ZTCS1PSW453WAFCEZYS1^^0^2021-12-27 06:03:40^SYSTEM_NEW^2021-12-17 14:27:09^SYSTEM_NEW^2021-12-27 06:03:40^4849821733^^
^PW-全业务-P-5300-文山市硕峰学俯草塘室分6150_S^-1809010947^-1932424929^^^^^^0^0^4808468172^^1^^9^118^^^0^0^53935988^^^^^PW-全业务-P-5300-文山市硕峰学俯草塘室分6150_S^5326ZTCS1ETP3APLUS^^^^^^^^^^PW-全业务-P-5300-文山市硕峰学俯草塘室分6150_S^5326ZTCS1PSW453WAFCEZYV5^^0^2021-12-27 06:03:45^SYSTEM_NEW^2021-12-17 14:27:15^SYSTEM_NEW^2021-12-27 06:03:45^4849821744^^
^DNI:PW-4382-文山州移动大楼2G3G落地3(7F) 6500_HX_4383-文山州移动大楼2G3G落地4(7F) 6500_HX-190224^-1932424949^-1932424929^^^^^^0^0^4840798307^^1^^9^118^^^0^0^53935988^^^^^DNI:PW-4382-文山州移动大楼2G3G落地3(7F) 6500_HX_4383-文山州移动大楼2G3G落地4(7F) 6500_HX-190224^5326ZTCS1ETP2PO9LY^^^^^^^^^^DNI:PW-4382-文山州移动大楼2G3G落地3(7F) 6500_HX_4383-文山州移动大楼2G3G落地4(7F) 6500_HX-190224^5326ZTCS1PSW453WAFCEZYK7^^0^2021-12-27 06:02:55^SYSTEM_NEW^2021-12-17 14:27:16^SYSTEM_NEW^2021-12-27 06:02:55^4849821745^^
^DNI:PW-6572-富宁县电信L2/L3主6500_HX_6573-富宁县移动L2/L3备6500_HX-190883^-1525467651^-1525467650^^^^^^-1418707115^-1418707056^4808442635^^1^^9^119^^^0^0^53935988^^^789^789^DNI:PW-6572-富宁县电信L2/L3主6500_HX_6573-富宁县移动L2/L3备6500_HX-190883^5326ZTCS1ESP14703526145AMI39^^^^^^^^^^DNI:PW-6572-富宁县电信L2/L3主6500_HX_6573-富宁县移动L2/L3备6500_HX-190883^5326ZTCS1PSW453WAFCEZZLB^^0^2021-12-27 06:03:49^SYSTEM_NEW^2021-12-17 14:27:17^SYSTEM_NEW^2021-12-27 06:03:49^4849821746^^
^PW-全业务-P-2785-文山市东山者五社6220_B^145986467^-1932424929^^^^^^0^0^4808452991^^1^^9^118^^^0^0^53935988^^^^^PW-全业务-P-2785-文山市东山者五社6220_B^5326ZTCS1ETP1PSH4S^^^^^^^^^^PW-全业务-P-2785-文山市东山者五社6220_B^5326ZTCS1PSW453WAFCEZYUF^^0^2021-12-27 06:03:45^SYSTEM_NEW^2021-12-17 14:27:18^SYSTEM_NEW^2021-12-27 06:03:45^4849821747^^
^DNI:PW-4382-文山州移动大楼2G3G落地3(7F) 6500_HX_4383-文山州移动大楼2G3G落地4(7F) 6500_HX-190368^-1932424949^-1932424929^^^^^^0^0^4840798307^^1^^9^118^^^0^0^53935988^^^^^DNI:PW-4382-文山州移动大楼2G3G落地3(7F) 6500_HX_4383-文山州移动大楼2G3G落地4(7F) 6500_HX-190368^5326ZTCS1ETP2POBO7^^^^^^^^^^DNI:PW-4382-文山州移动大楼2G3G落地3(7F) 6500_HX_4383-文山州移动大楼2G3G落地4(7F) 6500_HX-190368^5326ZTCS1PSW453WAFCEZYSB^^0^2021-12-27 06:03:55^SYSTEM_NEW^2021-12-17 14:27:20^SYSTEM_NEW^2021-12-27 06:03:55^4849821748^^
^PW-全业务-W-4902-广南县黑支果马咕6220^-1844553778^-1932424949^^^^^^-1843320738^-1828967790^4821234389^^1^^9^120^^^0^0^53935988^^^^^PW-全业务-W-4902-广南县黑支果马咕6220^5326ZTCS1ETP321FHP^^^^^^^^^^PW-全业务-W-4902-广南县黑支果马咕6220^5326ZTCS1PSW453WAFCEZYF6^^0^2021-12-27 06:03:13^SYSTEM_NEW^2021-12-17 14:27:22^SYSTEM_NEW^2021-12-27 06:03:13^4849821749^^
^PW-全业务-P-488-麻栗坡县董干6300^53967154^-1932424929^^^^^^0^0^4821234374^^1^^9^121^^^0^0^53935988^^^^^PW-全业务-P-488-麻栗坡县董干6300^5326ZTCS1ETPAMXUY^^^^^^^^^^PW-全业务-P-488-麻栗坡县董干6300^5326ZTCS1PSW453WAFCEZZEF^^0^2021-12-27 06:03:46^SYSTEM_NEW^2021-12-17 14:27:25^SYSTEM_NEW^2021-12-27 06:03:46^4849821750^^
^PW-全业务-P-527-麻栗坡县听漫6200^53967374^-1932424929^^^^^^0^0^4808464276^^1^^9^121^^^0^0^53935988^^^^^PW-全业务-P-527-麻栗坡县听漫6200^5326ZTCS1ETPBHQXM^^^^^^^^^^PW-全业务-P-527-麻栗坡县听漫6200^5326ZTCS1PSW453WAFCEZXYH^^0^2021-12-27 06:03:47^SYSTEM_NEW^2021-12-17 14:27:29^SYSTEM_NEW^2021-12-27 06:03:47^4849821752^^
^PW-全业务-P-451-麻栗坡县竜林6300^53967676^-1932424929^^^^^^0^0^4808449426^^1^^9^121^^^0^0^53935988^^^^^PW-全业务-P-451-麻栗坡县竜林6300^5326ZTCS1ETP9TO2J^^^^^^^^^^PW-全业务-P-451-麻栗坡县竜林6300^5326ZTCS1PSW453WAFCEZXXZ^^0^2021-12-27 06:03:35^SYSTEM_NEW^2021-12-17 14:27:30^SYSTEM_NEW^2021-12-27 06:03:35^4849821753^^
^DNI:PW-4382-文山州移动大楼2G3G落地3(7F) 6500_HX_4383-文山州移动大楼2G3G落地4(7F) 6500_HX-189902^-1932424949^-1932424929^^^^^^0^0^4840798545^^1^^9^118^^^0^0^53935988^^^^^DNI:PW-4382-文山州移动大楼2G3G落地3(7F) 6500_HX_4383-文山州移动大楼2G3G落地4(7F) 6500_HX-189902^5326ZTCS1ETP2PO49B^^^^^^^^^^DNI:PW-4382-文山州移动大楼2G3G落地3(7F) 6500_HX_4383-文山州移动大楼2G3G落地4(7F) 6500_HX-189902^5326ZTCS1PSW453WAFCEZY1I^^0^2021-12-27 06:03:32^SYSTEM_NEW^2021-12-17 14:27:31^SYSTEM_NEW^2021-12-27 06:03:32^4849821755^^
^DNI:PW-4382-文山州移动大楼2G3G落地3(7F) 6500_HX_4383-文山州移动大楼2G3G落地4(7F) 6500_HX-190391^-1932424949^-1932424929^^^^^^0^0^4840798545^^1^^9^118^^^0^0^53935988^^^^^DNI:PW-4382-文山州移动大楼2G3G落地3(7F) 6500_HX_4383-文山州移动大楼2G3G落地4(7F) 6500_HX-190391^5326ZTCS1ETP2POBWN^^^^^^^^^^DNI:PW-4382-文山州移动大楼2G3G落地3(7F) 6500_HX_4383-文山州移动大楼2G3G落地4(7F) 6500_HX-190391^5326ZTCS1PSW453WAFCEZYUQ^^0^2021-12-27 06:03:44^SYSTEM_NEW^2021-12-17 14:27:33^SYSTEM_NEW^2021-12-27 06:03:44^4849821756^^
^PW-全业务-P-2794-麻栗坡县下金厂仓房6220_B^147838650^-1932424929^^^^^^0^0^4830651921^^1^^9^121^^^0^0^53935988^^^^^PW-全业务-P-2794-麻栗坡县下金厂仓房6220_B^5326ZTCS1ETP1Q0CSS^^^^^^^^^^PW-全业务-P-2794-麻栗坡县下金厂仓房6220_B^5326ZTCS1PSW453WAFCEZY45^^0^2021-12-27 06:03:35^SYSTEM_NEW^2021-12-17 14:27:35^SYSTEM_NEW^2021-12-27 06:03:35^4849821759^^
^PW-全业务-W-7813-文山市教育局1 6300_Q^-407415417^53988922^^^^^^-376796739^58128899^4849823357^^1^^9^118^^^0^0^53935988^^^3147^3147^PW-全业务-W-7813-文山市教育局1 6300_Q^5326ZTCS1ESP0193116751PEY^^^^^^^^^^PW-全业务-W-7813-文山市教育局1 6300_Q^5326ZTCS1PSW453WAFCEZZ28^^0^2021-12-27 06:03:35^SYSTEM_NEW^2021-12-17 14:27:35^SYSTEM_NEW^2021-12-27 06:03:35^4849821760^^
^PW-2G -W-2820-麻栗坡县大山后6220^147838651^-1932424949^^^^^^148211442^-648765655^4821234273^^1^^9^121^^^0^0^53935988^^^^^PW-2G -W-2820-麻栗坡县大山后6220^5326ZTCS1ETP1QK8AI^^^^^^^^^^PW-2G -W-2820-麻栗坡县大山后6220^5326ZTCS1PSW453WAFCEZYHR^^0^2021-12-27 06:03:43^SYSTEM_NEW^2021-12-17 14:27:35^SYSTEM_NEW^2021-12-27 06:03:43^4849821761^^
^PW-全业务-W-6373-广南县公安局专网6150_Q^-1556230370^271840103^^^^^^-1555584234^271863968^4808471739^^1^^9^120^^^0^0^53935988^^^^^PW-全业务-W-6373-广南县公安局专网6150_Q^5326ZTCS1ESP1632561083PA8^^^^^^^^^^PW-全业务-W-6373-广南县公安局专网6150_Q^5326ZTCS1PSW453WAFCF00KS^^0^2021-12-27 06:03:48^SYSTEM_NEW^2021-12-17 14:27:35^SYSTEM_NEW^2021-12-27 06:03:48^4849821762^^
^DNI:PW-4382-文山州移动大楼2G3G落地3(7F) 6500_HX_4383-文山州移动大楼2G3G落地4(7F) 6500_HX-190382^-1932424949^-1932424929^^^^^^0^0^4840798307^^1^^9^118^^^0^0^53935988^^^^^DNI:PW-4382-文山州移动大楼2G3G落地3(7F) 6500_HX_4383-文山州移动大楼2G3G落地4(7F) 6500_HX-190382^5326ZTCS1ETP2POBS3^^^^^^^^^^DNI:PW-4382-文山州移动大楼2G3G落地3(7F) 6500_HX_4383-文山州移动大楼2G3G落地4(7F) 6500_HX-190382^5326ZTCS1PSW453WAFCEZYT3^^0^2021-12-27 06:03:47^SYSTEM_NEW^2021-12-17 14:27:35^SYSTEM_NEW^2021-12-27 06:03:47^4849821763^^
^DNI:PW-4382-文山州移动大楼2G3G落地3(7F) 6500_HX_4383-文山州移动大楼2G3G落地4(7F) 6500_HX-190055^-1932424949^-1932424929^^^^^^0^0^4840798307^^1^^9^118^^^0^0^53935988^^^^^DNI:PW-4382-文山州移动大楼2G3G落地3(7F) 6500_HX_4383-文山州移动大楼2G3G落地4(7F) 6500_HX-190055^5326ZTCS1ETP2PO5D6^^^^^^^^^^DNI:PW-4382-文山州移动大楼2G3G落地3(7F) 6500_HX_4383-文山州移动大楼2G3G落地4(7F) 6500_HX-190055^5326ZTCS1PSW453WAFCEZYAB^^0^2021-12-27 06:03:46^SYSTEM_NEW^2021-12-17 14:27:36^SYSTEM_NEW^2021-12-27 06:03:46^4849821764^^
^PW-全业务-W-4759-麻栗坡县铁厂大毛坡6220_B^-1884868644^-1932424949^^^^^^-1884179708^-1828967790^4821234249^^1^^9^121^^^0^0^53935988^^^^^PW-全业务-W-4759-麻栗坡县铁厂大毛坡6220_B^5326ZTCS1ETP2XW5C9^^^^^^^^^^PW-全业务-W-4759-麻栗坡县铁厂大毛坡6220_B^5326ZTCS1PSW453WAFCEZYC6^^0^2021-12-27 06:03:39^SYSTEM_NEW^2021-12-17 14:27:37^SYSTEM_NEW^2021-12-27 06:03:39^4849821765^^
^DNI:PW-4382-文山州移动大楼2G3G落地3(7F) 6500_HX_4383-文山州移动大楼2G3G落地4(7F) 6500_HX-189820^-1932424949^-1932424929^^^^^^0^0^4840798545^^1^^9^118^^^0^0^53935988^^^^^DNI:PW-4382-文山州移动大楼2G3G落地3(7F) 6500_HX_4383-文山州移动大楼2G3G落地4(7F) 6500_HX-189820^5326ZTCS1ETP2PO3I9^^^^^^^^^^DNI:PW-4382-文山州移动大楼2G3G落地3(7F) 6500_HX_4383-文山州移动大楼2G3G落地4(7F) 6500_HX-189820^5326ZTCS1PSW453WAFCEZXWL^^0^2021-12-27 06:03:43^SYSTEM_NEW^2021-12-17 14:27:37^SYSTEM_NEW^2021-12-27 06:03:43^4849821766^^
^DNI:PW-6558-广南县铜鼓小区L2/L3主6500_HX_6560-广南县移动L2/L3备6500_HX-190802^-1529341254^-1529341279^^^^^^4588299327^4588299792^4808459386^^1^^9^120^^^0^0^53935988^^^157^157^DNI:PW-6558-广南县铜鼓小区L2/L3主6500_HX_6560-广南县移动L2/L3备6500_HX-190802^5326ZTCS1ESP14196019514LYQOT^^^^^^^^^^DNI:PW-6558-广南县铜鼓小区L2/L3主6500_HX_6560-广南县移动L2/L3备6500_HX-190802^5326ZTCS1PSW453WAFCEZZFT^^0^2021-12-27 06:03:38^SYSTEM_NEW^2021-12-17 14:27:37^SYSTEM_NEW^2021-12-27 06:03:38^4849821767^^
^DNI:PW-4382-文山州移动大楼2G3G落地3(7F) 6500_HX_4383-文山州移动大楼2G3G落地4(7F) 6500_HX-189959^-1932424949^-1932424929^^^^^^0^0^4840798307^^1^^9^118^^^0^0^53935988^^^^^DNI:PW-4382-文山州移动大楼2G3G落地3(7F) 6500_HX_4383-文山州移动大楼2G3G落地4(7F) 6500_HX-189959^5326ZTCS1ETP2PO4N9^^^^^^^^^^DNI:PW-4382-文山州移动大楼2G3G落地3(7F) 6500_HX_4383-文山州移动大楼2G3G落地4(7F) 6500_HX-189959^5326ZTCS1PSW453WAFCEZY4O^^0^2021-12-27 06:03:05^SYSTEM_NEW^2021-12-17 14:27:38^SYSTEM_NEW^2021-12-27 06:03:05^4849821770^^
^PW-全业务-P-530-麻栗坡县杨万八豆6200_B^53967241^-1932424929^^^^^^0^0^4821234449^^1^^9^121^^^0^0^53935988^^^^^PW-全业务-P-530-麻栗坡县杨万八豆6200_B^5326ZTCS1ETPBK27R^^^^^^^^^^PW-全业务-P-530-麻栗坡县杨万八豆6200_B^5326ZTCS1PSW453WAFCEZYH0^^0^2021-12-27 06:03:38^SYSTEM_NEW^2021-12-17 14:27:37^SYSTEM_NEW^2021-12-27 06:03:38^4849821768^^
^DNI:PW-4382-文山州移动大楼2G3G落地3(7F) 6500_HX_4383-文山州移动大楼2G3G落地4(7F) 6500_HX-189932^-1932424949^-1932424929^^^^^^0^0^4840798307^^1^^9^118^^^0^0^53935988^^^^^DNI:PW-4382-文山州移动大楼2G3G落地3(7F) 6500_HX_4383-文山州移动大楼2G3G落地4(7F) 6500_HX-189932^5326ZTCS1ETP2PO4GE^^^^^^^^^^DNI:PW-4382-文山州移动大楼2G3G落地3(7F) 6500_HX_4383-文山州移动大楼2G3G落地4(7F) 6500_HX-189932^5326ZTCS1PSW453WAFCEZY35^^0^2021-12-27 06:03:45^SYSTEM_NEW^2021-12-17 14:27:37^SYSTEM_NEW^2021-12-27 06:03:45^4849821769^^
^PW-2G -W-6015-西畴县鸡街坝尾6150^-1650256802^-1932424949^^^^^^-1650053253^-1929293398^4808471239^^1^^9^124^^^0^0^53935988^^^^^PW-2G -W-6015-西畴县鸡街坝尾6150^5326ZTCS1ETP3QC2K4^^^^^^^^^^PW-2G -W-6015-西畴县鸡街坝尾6150^5326ZTCS1PSW453WAFCEZZBL^^0^2021-12-27 06:03:05^SYSTEM_NEW^2021-12-17 14:27:38^SYSTEM_NEW^2021-12-27 06:03:05^4849821771^^
^DNI:PW-4382-文山州移动大楼2G3G落地3(7F) 6500_HX_4383-文山州移动大楼2G3G落地4(7F) 6500_HX-190388^-1932424949^-1932424929^^^^^^0^0^4840798545^^1^^9^118^^^0^0^53935988^^^^^DNI:PW-4382-文山州移动大楼2G3G落地3(7F) 6500_HX_4383-文山州移动大楼2G3G落地4(7F) 6500_HX-190388^5326ZTCS1ETP2POBV2^^^^^^^^^^DNI:PW-4382-文山州移动大楼2G3G落地3(7F) 6500_HX_4383-文山州移动大楼2G3G落地4(7F) 6500_HX-190388^5326ZTCS1PSW453WAFCEZYUK^^0^2021-12-27 06:03:43^SYSTEM_NEW^2021-12-17 14:27:38^SYSTEM_NEW^2021-12-27 06:03:43^4849821772^^
^PW-全业务-P-2859-西畴县牛场坝6220^147837566^-1932424929^^^^^^0^0^4821234356^^1^^9^124^^^0^0^53935988^^^^^PW-全业务-P-2859-西畴县牛场坝6220^5326ZTCS1ETP1RF1IF^^^^^^^^^^PW-全业务-P-2859-西畴县牛场坝6220^5326ZTCS1PSW453WAFCEZY4K^^0^2021-12-27 06:03:34^SYSTEM_NEW^2021-12-17 14:27:38^SYSTEM_NEW^2021-12-27 06:03:34^4849821773^^
^PW-2G-P-4333-麻栗坡县马街石龙6220_B^-1945859429^-1932424929^^^^^^0^0^4808450679^^1^^9^121^^^0^0^53935988^^^^^PW-2G-P-4333-麻栗坡县马街石龙6220_B^5326ZTCS1ETP2OLK44^^^^^^^^^^PW-2G-P-4333-麻栗坡县马街石龙6220_B^5326ZTCS1PSW453WAFCEZYPS^^0^2021-12-27 06:03:33^SYSTEM_NEW^2021-12-17 14:27:38^SYSTEM_NEW^2021-12-27 06:03:33^4849821774^^
^PW-全业务-P-5143-广南县黑支果美德6220^-1818877077^-1932424929^^^^^^0^0^4821234219^^1^^9^120^^^0^0^53935988^^^^^PW-全业务-P-5143-广南县黑支果美德6220^5326ZTCS1ETP37AM49^^^^^^^^^^PW-全业务-P-5143-广南县黑支果美德6220^5326ZTCS1PSW453WAFCEZYG0^^0^2021-12-27 06:03:38^SYSTEM_NEW^2021-12-17 14:27:39^SYSTEM_NEW^2021-12-27 06:03:38^4849821775^^
^PW-全业务-P-4399-广南县五珠九克村委会6150^-1932424943^-1529341279^^^^^^-1929294253^4588299792^4808470213^^1^^9^120^^^0^0^53935988^^^243^243^PW-全业务-P-4399-广南县五珠九克村委会6150^5326ZTCS1ESP01909134444PBJLF^^^^^^^^^^PW-全业务-P-4399-广南县五珠九克村委会6150^5326ZTCS1PSW453WAFCEZZE6^^0^2021-12-27 06:03:48^SYSTEM_NEW^2021-12-17 14:27:39^SYSTEM_NEW^2021-12-27 06:03:48^4849821776^^
^PW-2G-P-3233-麻栗坡县普流塘6220_B^234817096^-1932424929^^^^^^0^0^4808468669^^1^^9^121^^^0^0^53935988^^^^^PW-2G-P-3233-麻栗坡县普流塘6220_B^5326ZTCS1ETP20KURW^^^^^^^^^^PW-2G-P-3233-麻栗坡县普流塘6220_B^5326ZTCS1PSW453WAFCEZYLI^^0^2021-12-27 06:03:10^SYSTEM_NEW^2021-12-17 14:27:39^SYSTEM_NEW^2021-12-27 06:03:10^4849821777^^
^PW-全业务-W-3326-广南县关牛洞6220_B^241341175^-1932424949^^^^^^241806010^4838247181^4808464277^^1^^9^120^^^0^0^53935988^^^^^PW-全业务-W-3326-广南县关牛洞6220_B^5326ZTCS1ETP22LXGH^^^^^^^^^^PW-全业务-W-3326-广南县关牛洞6220_B^5326ZTCS1PSW453WAFCEZZ95^^0^2021-12-27 06:03:42^SYSTEM_NEW^2021-12-17 14:27:39^SYSTEM_NEW^2021-12-27 06:03:42^4849821778^^
^PW-全业务-W-5578-麻栗坡县董干新寨城寨6150_B^-1776952750^-1932424949^^^^^^-1775931054^-1828967790^4840798359^^1^^9^121^^^0^0^53935988^^^^^PW-全业务-W-5578-麻栗坡县董干新寨城寨6150_B^5326ZTCS1ETP3GS33G^^^^^^^^^^PW-全业务-W-5578-麻栗坡县董干新寨城寨6150_B^5326ZTCS1PSW453WAFCEZYI1^^0^2021-12-27 06:03:29^SYSTEM_NEW^2021-12-17 14:27:39^SYSTEM_NEW^2021-12-27 06:03:29^4849821779^^
^DNI:PW-4382-文山州移动大楼2G3G落地3(7F) 6500_HX_4383-文山州移动大楼2G3G落地4(7F) 6500_HX-190392^-1932424949^-1932424929^^^^^^0^0^4840798545^^1^^9^118^^^0^0^53935988^^^^^DNI:PW-4382-文山州移动大楼2G3G落地3(7F) 6500_HX_4383-文山州移动大楼2G3G落地4(7F) 6500_HX-190392^5326ZTCS1ETP2POBX4^^^^^^^^^^DNI:PW-4382-文山州移动大楼2G3G落地3(7F) 6500_HX_4383-文山州移动大楼2G3G落地4(7F) 6500_HX-190392^5326ZTCS1PSW453WAFCEZYUS^^0^2021-12-27 06:03:47^SYSTEM_NEW^2021-12-17 14:27:41^SYSTEM_NEW^2021-12-27 06:03:47^4849821792^^
^PW-全业务-P-5873-麻栗坡县八布哪灯胖甲6150^-1708408705^-1932424929^^^^^^0^0^4830652144^^1^^9^121^^^0^0^53935988^^^^^PW-全业务-P-5873-麻栗坡县八布哪灯胖甲6150^5326ZTCS1ETP3N8J86^^^^^^^^^^PW-全业务-P-5873-麻栗坡县八布哪灯胖甲6150^5326ZTCS1PSW453WAFCEZYLY^^0^2021-12-27 06:03:24^SYSTEM_NEW^2021-12-17 14:27:40^SYSTEM_NEW^2021-12-27 06:03:24^4849821780^^
^PW-全业务-P-5877-麻栗坡县八布羊皮寨凹塘6150_B^-1708408715^-1932424929^^^^^^0^0^4830652186^^1^^9^121^^^0^0^53935988^^^^^PW-全业务-P-5877-麻栗坡县八布羊皮寨凹塘6150_B^5326ZTCS1ETP3NBL61^^^^^^^^^^PW-全业务-P-5877-麻栗坡县八布羊皮寨凹塘6150_B^5326ZTCS1PSW453WAFCEZYNU^^0^2021-12-27 06:03:35^SYSTEM_NEW^2021-12-17 14:27:40^SYSTEM_NEW^2021-12-27 06:03:35^4849821781^^
^PW-全业务-W-2962-麻栗坡县小新寨6220_B^147841290^-1932424949^^^^^^148191768^-648765655^4821234384^^1^^9^121^^^0^0^53935988^^^^^PW-全业务-W-2962-麻栗坡县小新寨6220_B^5326ZTCS1ETP1TNQQ4^^^^^^^^^^PW-全业务-W-2962-麻栗坡县小新寨6220_B^5326ZTCS1PSW453WAFCEZY0O^^0^2021-12-27 06:03:17^SYSTEM_NEW^2021-12-17 14:27:42^SYSTEM_NEW^2021-12-27 06:03:17^4849821793^^
^PW-全业务-W-558-麻栗坡县铁厂龙凤6200^53976862^-1932424949^^^^^^56628045^-1828967790^4821234321^^1^^9^121^^^0^0^53935988^^^^^PW-全业务-W-558-麻栗坡县铁厂龙凤6200^5326ZTCS1ETPC6G6P^^^^^^^^^^PW-全业务-W-558-麻栗坡县铁厂龙凤6200^5326ZTCS1PSW453WAFCEZYI8^^0^2021-12-27 06:02:59^SYSTEM_NEW^2021-12-17 14:27:42^SYSTEM_NEW^2021-12-27 06:02:59^4849821794^^
^PW-全业务-W-4283-麻栗坡县大坝6220_B^-1953067101^-1932424949^^^^^^-1950660586^-1828967792^4808456610^^1^^9^121^^^0^0^53935988^^^^^PW-全业务-W-4283-麻栗坡县大坝6220_B^5326ZTCS1ETP2NICMO^^^^^^^^^^PW-全业务-W-4283-麻栗坡县大坝6220_B^5326ZTCS1PSW453WAFCEZXXI^^0^2021-12-27 06:04:36^SYSTEM_NEW^2021-12-17 14:27:42^SYSTEM_NEW^2021-12-27 06:04:36^4849821795^^
^PW-2G-P-2360-砚山县蚌峨2LTE6220^124750997^-1932424929^^^^^^0^0^4840798267^^1^^9^125^^^0^0^53935988^^^^^PW-2G-P-2360-砚山县蚌峨2LTE6220^5326ZTCS1ETP1GINLY^^^^^^^^^^PW-2G-P-2360-砚山县蚌峨2LTE6220^5326ZTCS1PSW453WAFCEZZ1L^^0^2021-12-27 06:03:44^SYSTEM_NEW^2021-12-17 14:27:42^SYSTEM_NEW^2021-12-27 06:03:44^4849821796^^
^PW-2G-P-3038-广南县牡蛎6220_B^214588228^-1932424929^^^^^^0^0^4821234325^^1^^9^120^^^0^0^53935988^^^^^PW-2G-P-3038-广南县牡蛎6220_B^5326ZTCS1ETP1VBTPM^^^^^^^^^^PW-2G-P-3038-广南县牡蛎6220_B^5326ZTCS1PSW453WAFCEZY3U^^0^2021-12-27 06:03:37^SYSTEM_NEW^2021-12-17 14:27:40^SYSTEM_NEW^2021-12-27 06:03:37^4849821782^^
^DNI:PW-4382-文山州移动大楼2G3G落地3(7F) 6500_HX_4383-文山州移动大楼2G3G落地4(7F) 6500_HX-190773^-1932424949^-1932424929^^^^^^0^0^4840798307^^1^^9^118^^^0^0^53935988^^^^^DNI:PW-4382-文山州移动大楼2G3G落地3(7F) 6500_HX_4383-文山州移动大楼2G3G落地4(7F) 6500_HX-190773^5326ZTCS1ETP2POEBR^^^^^^^^^^DNI:PW-4382-文山州移动大楼2G3G落地3(7F) 6500_HX_4383-文山州移动大楼2G3G落地4(7F) 6500_HX-190773^5326ZTCS1PSW453WAFCEZZEA^^0^2021-12-27 06:03:49^SYSTEM_NEW^2021-12-17 14:27:40^SYSTEM_NEW^2021-12-27 06:03:49^4849821783^^
^PW-全业务-W-7813-文山市教育局1 6300_Q^-407415417^-1993078434^^^^^^-376796739^-1991958870^4808454747^^1^^9^118^^^0^0^53935988^^^3140^3140^PW-全业务-W-7813-文山市教育局1 6300_Q^5326ZTCS1ESP0193116751PFE^^^^^^^^^^PW-全业务-W-7813-文山市教育局1 6300_Q^5326ZTCS1PSW453WAFCEZZU4^^0^2021-12-27 06:03:38^SYSTEM_NEW^2021-12-17 14:27:40^SYSTEM_NEW^2021-12-27 06:03:38^4849821784^^
^DNI:PW-4382-文山州移动大楼2G3G落地3(7F) 6500_HX_4383-文山州移动大楼2G3G落地4(7F) 6500_HX-190745^-1932424949^-1932424929^^^^^^0^0^4840798307^^1^^9^118^^^0^0^53935988^^^^^DNI:PW-4382-文山州移动大楼2G3G落地3(7F) 6500_HX_4383-文山州移动大楼2G3G落地4(7F) 6500_HX-190745^5326ZTCS1ETP2POE7N^^^^^^^^^^DNI:PW-4382-文山州移动大楼2G3G落地3(7F) 6500_HX_4383-文山州移动大楼2G3G落地4(7F) 6500_HX-190745^5326ZTCS1PSW453WAFCEZZCY^^0^2021-12-27 06:03:29^SYSTEM_NEW^2021-12-17 14:27:40^SYSTEM_NEW^2021-12-27 06:03:29^4849821785^^
^PW-2G-P-5829-麻栗坡县马街高城子6150_B^-1708408739^-1932424929^^^^^^0^0^4830652162^^1^^9^121^^^0^0^53935988^^^^^PW-2G-P-5829-麻栗坡县马街高城子6150_B^5326ZTCS1ETP3M9W7A^^^^^^^^^^PW-2G-P-5829-麻栗坡县马街高城子6150_B^5326ZTCS1PSW453WAFCEZYSA^^0^2021-12-27 06:03:23^SYSTEM_NEW^2021-12-17 14:27:41^SYSTEM_NEW^2021-12-27 06:03:23^4849821786^^
^PW-全业务-W-5933-广南县黑支果下马坡6150^-1702882516^-1932424949^^^^^^-1702192312^4838376137^4837441557^^1^^9^120^^^0^0^53935988^^^^^PW-全业务-W-5933-广南县黑支果下马坡6150^5326ZTCS1ETP3OJE4D^^^^^^^^^^PW-全业务-W-5933-广南县黑支果下马坡6150^5326ZTCS1PSW453WAFCEZYOH^^0^2021-12-27 06:03:22^SYSTEM_NEW^2021-12-17 14:27:41^SYSTEM_NEW^2021-12-27 06:03:22^4849821787^^
^PW-全业务-W-6162-麻栗坡县铁厂董渡村委会铳八6150_B^-1592846964^-1932424949^^^^^^-1592822829^4838376137^4830652187^^1^^9^121^^^0^0^53935988^^^^^PW-全业务-W-6162-麻栗坡县铁厂董渡村委会铳八6150_B^5326ZTCS1ETP3TJEPX^^^^^^^^^^PW-全业务-W-6162-麻栗坡县铁厂董渡村委会铳八6150_B^5326ZTCS1PSW453WAFCEZYOL^^0^2021-12-27 06:03:22^SYSTEM_NEW^2021-12-17 14:27:41^SYSTEM_NEW^2021-12-27 06:03:22^4849821788^^
^PW-2G -W-4363-麻栗坡县马街高家湾6220^-1932424940^-1932424949^^^^^^-1929294047^-648767541^4808457525^^1^^9^121^^^0^0^53935988^^^^^PW-2G -W-4363-麻栗坡县马街高家湾6220^5326ZTCS1ETP2P9HKI^^^^^^^^^^PW-2G -W-4363-麻栗坡县马街高家湾6220^5326ZTCS1PSW453WAFCEZYR9^^0^2021-12-27 06:03:49^SYSTEM_NEW^2021-12-17 14:27:41^SYSTEM_NEW^2021-12-27 06:03:49^4849821789^^
^DNI:PW-4382-文山州移动大楼2G3G落地3(7F) 6500_HX_4383-文山州移动大楼2G3G落地4(7F) 6500_HX-189870^-1932424949^-1932424929^^^^^^0^0^4840798307^^1^^9^118^^^0^0^53935988^^^^^DNI:PW-4382-文山州移动大楼2G3G落地3(7F) 6500_HX_4383-文山州移动大楼2G3G落地4(7F) 6500_HX-189870^5326ZTCS1ETP2PO40M^^^^^^^^^^DNI:PW-4382-文山州移动大楼2G3G落地3(7F) 6500_HX_4383-文山州移动大楼2G3G落地4(7F) 6500_HX-189870^5326ZTCS1PSW453WAFCEZXZP^^0^2021-12-27 06:03:26^SYSTEM_NEW^2021-12-17 14:27:41^SYSTEM_NEW^2021-12-27 06:03:26^4849821790^^
^PW-2G-P-3372-广南县黑支果镇政府6220^247514594^-1932424929^^^^^^0^0^4821234204^^1^^9^120^^^0^0^53935988^^^^^PW-2G-P-3372-广南县黑支果镇政府6220^5326ZTCS1ETP23M40A^^^^^^^^^^PW-2G-P-3372-广南县黑支果镇政府6220^5326ZTCS1PSW453WAFCEZY50^^0^2021-12-27 06:03:37^SYSTEM_NEW^2021-12-17 14:27:41^SYSTEM_NEW^2021-12-27 06:03:37^4849821791^^
^PW-全业务-W-3450-广南县干坝6220^272804284^-1932424949^^^^^^272808941^4838247181^4821234248^^1^^9^120^^^0^0^53935988^^^^^PW-全业务-W-3450-广南县干坝6220^5326ZTCS1ETP25BPEA^^^^^^^^^^PW-全业务-W-3450-广南县干坝6220^5326ZTCS1PSW453WAFCEZZCH^^0^2021-12-27 06:03:54^SYSTEM_NEW^2021-12-17 14:27:43^SYSTEM_NEW^2021-12-27 06:03:54^4849821802^^
^PW-2G-P-43-文山州七楼9008_HX^53967856^-1932424929^^^^^^0^0^4808469186^^1^^9^118^^^0^0^53935988^^^^^PW-2G-P-43-文山州七楼9008_HX^5326ZTCS1ETPWVVL^^^^^^^^^^PW-2G-P-43-文山州七楼9008_HX^5326ZTCS1PSW453WAFCEZYRW^^0^2021-12-27 06:03:54^SYSTEM_NEW^2021-12-17 14:27:43^SYSTEM_NEW^2021-12-27 06:03:54^4849821803^^
^DNI:PW-4382-文山州移动大楼2G3G落地3(7F) 6500_HX_4383-文山州移动大楼2G3G落地4(7F) 6500_HX-190324^-1932424949^-1932424929^^^^^^0^0^4840798307^^1^^9^118^^^0^0^53935988^^^^^DNI:PW-4382-文山州移动大楼2G3G落地3(7F) 6500_HX_4383-文山州移动大楼2G3G落地4(7F) 6500_HX-190324^5326ZTCS1ETP2POBAX^^^^^^^^^^DNI:PW-4382-文山州移动大楼2G3G落地3(7F) 6500_HX_4383-文山州移动大楼2G3G落地4(7F) 6500_HX-190324^5326ZTCS1PSW453WAFCEZYPO^^0^2021-12-27 06:03:51^SYSTEM_NEW^2021-12-17 14:27:44^SYSTEM_NEW^2021-12-27 06:03:51^4849821804^^
^PW-全业务-W-609-麻栗坡县关告２号Ｇ6200^53976739^-1932424949^^^^^^56631690^-1828967790^4821234479^^1^^9^121^^^0^0^53935988^^^^^PW-全业务-W-609-麻栗坡县关告２号Ｇ6200^5326ZTCS1ETPDAFFI^^^^^^^^^^PW-全业务-W-609-麻栗坡县关告２号Ｇ6200^5326ZTCS1PSW453WAFCEZYJS^^0^2021-12-27 06:03:22^SYSTEM_NEW^2021-12-17 14:27:44^SYSTEM_NEW^2021-12-27 06:03:22^4849821809^^
^PW-2G-P-3048-广南县黒支果脚木塘6220^214588183^-1932424929^^^^^^0^0^4821234491^^1^^9^120^^^0^0^53935988^^^^^PW-2G-P-3048-广南县黒支果脚木塘6220^5326ZTCS1ETP1VJH7G^^^^^^^^^^PW-2G-P-3048-广南县黒支果脚木塘6220^5326ZTCS1PSW453WAFCEZYAJ^^0^2021-12-27 06:03:24^SYSTEM_NEW^2021-12-17 14:27:44^SYSTEM_NEW^2021-12-27 06:03:24^4849821805^^
^PW-全业务-W-3223-麻栗坡县黄家坪6220^234076170^-1932424949^^^^^^234085111^-648767541^4808451228^^1^^9^121^^^0^0^53935988^^^^^PW-全业务-W-3223-麻栗坡县黄家坪6220^5326ZTCS1ETP20D89X^^^^^^^^^^PW-全业务-W-3223-麻栗坡县黄家坪6220^5326ZTCS1PSW453WAFCEZYK9^^0^2021-12-27 06:03:48^SYSTEM_NEW^2021-12-17 14:27:44^SYSTEM_NEW^2021-12-27 06:03:48^4849821806^^
^DNI:PW-4382-文山州移动大楼2G3G落地3(7F) 6500_HX_4383-文山州移动大楼2G3G落地4(7F) 6500_HX-190706^-1932424949^-1932424929^^^^^^0^0^4840798307^^1^^9^118^^^0^0^53935988^^^^^DNI:PW-4382-文山州移动大楼2G3G落地3(7F) 6500_HX_4383-文山州移动大楼2G3G落地4(7F) 6500_HX-190706^5326ZTCS1ETP2PODYF^^^^^^^^^^DNI:PW-4382-文山州移动大楼2G3G落地3(7F) 6500_HX_4383-文山州移动大楼2G3G落地4(7F) 6500_HX-190706^5326ZTCS1PSW453WAFCEZZAN^^0^2021-12-27 06:03:45^SYSTEM_NEW^2021-12-17 14:27:44^SYSTEM_NEW^2021-12-27 06:03:45^4849821807^^
^PW-2G-P-2396-广南县黑支果2LTE6220_B^125417757^-1932424929^^^^^^0^0^4821234279^^1^^9^120^^^0^0^53935988^^^^^PW-2G-P-2396-广南县黑支果2LTE6220_B^5326ZTCS1ETP1HB6N1^^^^^^^^^^PW-2G-P-2396-广南县黑支果2LTE6220_B^5326ZTCS1PSW453WAFCEZYC2^^0^2021-12-27 06:03:36^SYSTEM_NEW^2021-12-17 14:27:44^SYSTEM_NEW^2021-12-27 06:03:36^4849821808^^
^PW-2G-P-550-麻栗坡县锁扣山6200^53976873^-1932424929^^^^^^0^0^4821234400^^1^^9^121^^^0^0^53935988^^^^^PW-2G-P-550-麻栗坡县锁扣山6200^5326ZTCS1ETPC0C6F^^^^^^^^^^PW-2G-P-550-麻栗坡县锁扣山6200^5326ZTCS1PSW453WAFCEZY2H^^0^2021-12-27 06:03:02^SYSTEM_NEW^2021-12-17 14:27:42^SYSTEM_NEW^2021-12-27 06:03:02^4849821797^^
^DNI:PW-4382-文山州移动大楼2G3G落地3(7F) 6500_HX_4383-文山州移动大楼2G3G落地4(7F) 6500_HX-190246^-1932424949^-1932424929^^^^^^0^0^4840798307^^1^^9^118^^^0^0^53935988^^^^^DNI:PW-4382-文山州移动大楼2G3G落地3(7F) 6500_HX_4383-文山州移动大楼2G3G落地4(7F) 6500_HX-190246^5326ZTCS1ETP2POA7J^^^^^^^^^^DNI:PW-4382-文山州移动大楼2G3G落地3(7F) 6500_HX_4383-文山州移动大楼2G3G落地4(7F) 6500_HX-190246^5326ZTCS1PSW453WAFCEZYLF^^0^2021-12-27 06:03:24^SYSTEM_NEW^2021-12-17 14:27:43^SYSTEM_NEW^2021-12-27 06:03:24^4849821798^^
^W:MSPW-7813-文山市教育局1 6300_Q_7004-文山市马塘6500-8_HJ-5168^-407415417^-1419091134^^^^^^-376796739^-1407695544^^^1^^9^118^^^0^0^53935988^^^3108^3108^W:MSPW-7813-文山市教育局1 6300_Q_7004-文山市马塘6500-8_HJ-5168^5326ZTCS1ESP0193116751PFI^^^^^^^^^^W:MSPW-7813-文山市教育局1 6300_Q_7004-文山市马塘6500-8_HJ-5168^5326ZTCS1PSW453WAFCF00S5^^0^2021-12-27 06:03:17^SYSTEM_NEW^2021-12-17 14:27:43^SYSTEM_NEW^2021-12-27 06:03:17^4849821799^^
^DNI:PW-4382-文山州移动大楼2G3G落地3(7F) 6500_HX_4383-文山州移动大楼2G3G落地4(7F) 6500_HX-189916^-1932424949^-1932424929^^^^^^0^0^4840798307^^1^^9^118^^^0^0^53935988^^^^^DNI:PW-4382-文山州移动大楼2G3G落地3(7F) 6500_HX_4383-文山州移动大楼2G3G落地4(7F) 6500_HX-189916^5326ZTCS1ETP2PO4CQ^^^^^^^^^^DNI:PW-4382-文山州移动大楼2G3G落地3(7F) 6500_HX_4383-文山州移动大楼2G3G落地4(7F) 6500_HX-189916^5326ZTCS1PSW453WAFCEZY29^^0^2021-12-27 06:03:43^SYSTEM_NEW^2021-12-17 14:27:43^SYSTEM_NEW^2021-12-27 06:03:43^4849821800^^
^PW-全业务-P-5380-广南县黑支果坪寨6150^-1802105454^-1932424929^^^^^^0^0^4840798264^^1^^9^120^^^0^0^53935988^^^^^PW-全业务-P-5380-广南县黑支果坪寨6150^5326ZTCS1ETP3CGQRP^^^^^^^^^^PW-全业务-P-5380-广南县黑支果坪寨6150^5326ZTCS1PSW453WAFCEZZEL^^0^2021-12-27 06:03:43^SYSTEM_NEW^2021-12-17 14:27:43^SYSTEM_NEW^2021-12-27 06:03:43^4849821801^^
^PW-全业务-W-7813-文山市教育局1 6300_Q^-407415417^53967678^^^^^^0^0^4808458734^^1^^9^118^^^0^0^53935988^^^^^PW-全业务-W-7813-文山市教育局1 6300_Q^5326ZTCS1ETP4UL8SS^^^^^^^^^^PW-全业务-W-7813-文山市教育局1 6300_Q^5326ZTCS1PSW453WAFCF00RZ^^0^2021-12-27 06:03:32^SYSTEM_NEW^2021-12-17 14:27:44^SYSTEM_NEW^2021-12-27 06:03:32^4849821813^^
^DNI:PW-4382-文山州移动大楼2G3G落地3(7F) 6500_HX_4383-文山州移动大楼2G3G落地4(7F) 6500_HX-190744^-1932424949^-1932424929^^^^^^0^0^4840798307^^1^^9^118^^^0^0^53935988^^^^^DNI:PW-4382-文山州移动大楼2G3G落地3(7F) 6500_HX_4383-文山州移动大楼2G3G落地4(7F) 6500_HX-190744^5326ZTCS1ETP2POE77^^^^^^^^^^DNI:PW-4382-文山州移动大楼2G3G落地3(7F) 6500_HX_4383-文山州移动大楼2G3G落地4(7F) 6500_HX-190744^5326ZTCS1PSW453WAFCEZZCV^^0^2021-12-27 06:03:21^SYSTEM_NEW^2021-12-17 14:27:44^SYSTEM_NEW^2021-12-27 06:03:21^4849821814^^
^DNI:PW-4382-文山州移动大楼2G3G落地3(7F) 6500_HX_4383-文山州移动大楼2G3G落地4(7F) 6500_HX-189891^-1932424949^-1932424929^^^^^^0^0^4840798307^^1^^9^118^^^0^0^53935988^^^^^DNI:PW-4382-文山州移动大楼2G3G落地3(7F) 6500_HX_4383-文山州移动大楼2G3G落地4(7F) 6500_HX-189891^5326ZTCS1ETP2PO46C^^^^^^^^^^DNI:PW-4382-文山州移动大楼2G3G落地3(7F) 6500_HX_4383-文山州移动大楼2G3G落地4(7F) 6500_HX-189891^5326ZTCS1PSW453WAFCEZY0T^^0^2021-12-27 06:03:38^SYSTEM_NEW^2021-12-17 14:27:44^SYSTEM_NEW^2021-12-27 06:03:38^4849821815^^
^PW-全业务-W-7473-马关县看守所6150_B^-869170640^-1978904491^^^^^^-862665911^-1418703232^4808462378^^1^^9^122^^^0^0^53935988^^^103^103^PW-全业务-W-7473-马关县看守所6150_B^5326ZTCS1ESP02444601914JUVZB^^^^^^^^^^PW-全业务-W-7473-马关县看守所6150_B^5326ZTCS1PSW453WAFCF00XM^^0^2021-12-27 06:03:50^SYSTEM_NEW^2021-12-17 14:27:45^SYSTEM_NEW^2021-12-27 06:03:50^4849821816^^
^DNI:PW-4382-文山州移动大楼2G3G落地3(7F) 6500_HX_4383-文山州移动大楼2G3G落地4(7F) 6500_HX-189835^-1932424949^-1932424929^^^^^^0^0^4840798307^^1^^9^118^^^0^0^53935988^^^^^DNI:PW-4382-文山州移动大楼2G3G落地3(7F) 6500_HX_4383-文山州移动大楼2G3G落地4(7F) 6500_HX-189835^5326ZTCS1ETP2PO3Q1^^^^^^^^^^DNI:PW-4382-文山州移动大楼2G3G落地3(7F) 6500_HX_4383-文山州移动大楼2G3G落地4(7F) 6500_HX-189835^5326ZTCS1PSW453WAFCEZXXK^^0^2021-12-27 06:03:49^SYSTEM_NEW^2021-12-17 14:27:45^SYSTEM_NEW^2021-12-27 06:03:49^4849821817^^
^DNI:PW-4382-文山州移动大楼2G3G落地3(7F) 6500_HX_4383-文山州移动大楼2G3G落地4(7F) 6500_HX-189844^-1932424949^-1932424929^^^^^^0^0^4840798307^^1^^9^118^^^0^0^53935988^^^^^DNI:PW-4382-文山州移动大楼2G3G落地3(7F) 6500_HX_4383-文山州移动大楼2G3G落地4(7F) 6500_HX-189844^5326ZTCS1ETP2PO3TG^^^^^^^^^^DNI:PW-4382-文山州移动大楼2G3G落地3(7F) 6500_HX_4383-文山州移动大楼2G3G落地4(7F) 6500_HX-189844^5326ZTCS1PSW453WAFCEZXY3^^0^2021-12-27 06:03:53^SYSTEM_NEW^2021-12-17 14:27:44^SYSTEM_NEW^2021-12-27 06:03:53^4849821810^^
^DNI:PW-4382-文山州移动大楼2G3G落地3(7F) 6500_HX_4383-文山州移动大楼2G3G落地4(7F) 6500_HX-190213^-1932424949^-1932424929^^^^^^0^0^4840798307^^1^^9^118^^^0^0^53935988^^^^^DNI:PW-4382-文山州移动大楼2G3G落地3(7F) 6500_HX_4383-文山州移动大楼2G3G落地4(7F) 6500_HX-190213^5326ZTCS1ETP2PO9AB^^^^^^^^^^DNI:PW-4382-文山州移动大楼2G3G落地3(7F) 6500_HX_4383-文山州移动大楼2G3G落地4(7F) 6500_HX-190213^5326ZTCS1PSW453WAFCEZYJH^^0^2021-12-27 06:03:38^SYSTEM_NEW^2021-12-17 14:27:46^SYSTEM_NEW^2021-12-27 06:03:38^4849821824^^
^DNI:PW-4382-文山州移动大楼2G3G落地3(7F) 6500_HX_4383-文山州移动大楼2G3G落地4(7F) 6500_HX-189852^-1932424949^-1932424929^^^^^^0^0^4840798307^^1^^9^118^^^0^0^53935988^^^^^DNI:PW-4382-文山州移动大楼2G3G落地3(7F) 6500_HX_4383-文山州移动大楼2G3G落地4(7F) 6500_HX-189852^5326ZTCS1ETP2PO3VA^^^^^^^^^^DNI:PW-4382-文山州移动大楼2G3G落地3(7F) 6500_HX_4383-文山州移动大楼2G3G落地4(7F) 6500_HX-189852^5326ZTCS1PSW453WAFCEZXYQ^^0^2021-12-27 06:03:45^SYSTEM_NEW^2021-12-17 14:27:45^SYSTEM_NEW^2021-12-27 06:03:45^4849821818^^
^DNI:PW-4382-文山州移动大楼2G3G落地3(7F) 6500_HX_4383-文山州移动大楼2G3G落地4(7F) 6500_HX-189832^-1932424949^-1932424929^^^^^^0^0^4840798307^^1^^9^118^^^0^0^53935988^^^^^DNI:PW-4382-文山州移动大楼2G3G落地3(7F) 6500_HX_4383-文山州移动大楼2G3G落地4(7F) 6500_HX-189832^5326ZTCS1ETP2PO3PK^^^^^^^^^^DNI:PW-4382-文山州移动大楼2G3G落地3(7F) 6500_HX_4383-文山州移动大楼2G3G落地4(7F) 6500_HX-189832^5326ZTCS1PSW453WAFCEZXXF^^0^2021-12-27 06:02:47^SYSTEM_NEW^2021-12-17 14:27:45^SYSTEM_NEW^2021-12-27 06:02:47^4849821819^^
^PW-2G-P-7571-广南县黑支果竹子塘6150^-752506002^-1932424929^^^^^^0^0^4830652282^^1^^9^120^^^0^0^53935988^^^^^PW-2G-P-7571-广南县黑支果竹子塘6150^5326ZTCS1ETP4PB9N5^^^^^^^^^^PW-2G-P-7571-广南县黑支果竹子塘6150^5326ZTCS1PSW453WAFCEZYN6^^0^2021-12-27 06:03:33^SYSTEM_NEW^2021-12-17 14:27:45^SYSTEM_NEW^2021-12-27 06:03:33^4849821820^^
^PW-全业务-P-2760-麻栗坡县隆龙6220_B^145986623^-1932424929^^^^^^0^0^4821234255^^1^^9^121^^^0^0^53935988^^^^^PW-全业务-P-2760-麻栗坡县隆龙6220_B^5326ZTCS1ETP1P9DBS^^^^^^^^^^PW-全业务-P-2760-麻栗坡县隆龙6220_B^5326ZTCS1PSW453WAFCEZY04^^0^2021-12-27 06:03:22^SYSTEM_NEW^2021-12-17 14:27:45^SYSTEM_NEW^2021-12-27 06:03:22^4849821821^^
^PW-2G -W-4025-西畴县岔河6220_B^-1987896618^-1932424949^^^^^^-1986812299^-648765655^4821234234^^1^^9^124^^^0^0^53935988^^^^^PW-2G -W-4025-西畴县岔河6220_B^5326ZTCS1ETP2HV6D0^^^^^^^^^^PW-2G -W-4025-西畴县岔河6220_B^5326ZTCS1PSW453WAFCEZYGV^^0^2021-12-27 06:03:33^SYSTEM_NEW^2021-12-17 14:27:45^SYSTEM_NEW^2021-12-27 06:03:33^4849821822^^
^PW-全业务-W-4915-广南县黑支果小古鲁6220^-1841405070^-1932424949^^^^^^-1841185021^-1828967790^4821234201^^1^^9^120^^^0^0^53935988^^^^^PW-全业务-W-4915-广南县黑支果小古鲁6220^5326ZTCS1ETP32BDAQ^^^^^^^^^^PW-全业务-W-4915-广南县黑支果小古鲁6220^5326ZTCS1PSW453WAFCEZYFV^^0^2021-12-27 06:03:49^SYSTEM_NEW^2021-12-17 14:27:45^SYSTEM_NEW^2021-12-27 06:03:49^4849821823^^
^PW-全业务-P-1166-富宁县普阳6300^53983858^-1932424929^^^^^^0^0^4808456800^^1^^9^119^^^0^0^53935988^^^^^PW-全业务-P-1166-富宁县普阳6300^5326ZTCS1ETPPG50J^^^^^^^^^^PW-全业务-P-1166-富宁县普阳6300^5326ZTCS1PSW453WAFCEZYYR^^0^2021-12-27 06:03:33^SYSTEM_NEW^2021-12-17 14:27:46^SYSTEM_NEW^2021-12-27 06:03:33^4849821825^^
^PW-全业务-W-2687-麻栗坡县新寨董来6220^145972450^-1932424949^^^^^^146545583^-648767541^4808449424^^1^^9^121^^^0^0^53935988^^^^^PW-全业务-W-2687-麻栗坡县新寨董来6220^5326ZTCS1ETP1NNKNH^^^^^^^^^^PW-全业务-W-2687-麻栗坡县新寨董来6220^5326ZTCS1PSW453WAFCEZYCP^^0^2021-12-27 06:03:51^SYSTEM_NEW^2021-12-17 14:27:46^SYSTEM_NEW^2021-12-27 06:03:51^4849821826^^
^DNI:PW-4382-文山州移动大楼2G3G落地3(7F) 6500_HX_4383-文山州移动大楼2G3G落地4(7F) 6500_HX-190740^-1932424949^-1932424929^^^^^^0^0^4840798307^^1^^9^118^^^0^0^53935988^^^^^DNI:PW-4382-文山州移动大楼2G3G落地3(7F) 6500_HX_4383-文山州移动大楼2G3G落地4(7F) 6500_HX-190740^5326ZTCS1ETP2POE6Q^^^^^^^^^^DNI:PW-4382-文山州移动大楼2G3G落地3(7F) 6500_HX_4383-文山州移动大楼2G3G落地4(7F) 6500_HX-190740^5326ZTCS1PSW453WAFCEZZCM^^0^2021-12-27 06:03:51^SYSTEM_NEW^2021-12-17 14:27:46^SYSTEM_NEW^2021-12-27 06:03:51^4849821827^^
^PW-2G-P-4311-麻栗坡县龙牛6220^-1945859445^-1932424929^^^^^^0^0^4808456157^^1^^9^121^^^0^0^53935988^^^^^PW-2G-P-4311-麻栗坡县龙牛6220^5326ZTCS1ETP2O4QMB^^^^^^^^^^PW-2G-P-4311-麻栗坡县龙牛6220^5326ZTCS1PSW453WAFCEZYPK^^0^2021-12-27 06:03:24^SYSTEM_NEW^2021-12-17 14:27:46^SYSTEM_NEW^2021-12-27 06:03:24^4849821828^^
^PW-全业务-P-2727-麻栗坡县金厂中坝6220_B^145986622^-1932424929^^^^^^0^0^4821234265^^1^^9^121^^^0^0^53935988^^^^^PW-全业务-P-2727-麻栗坡县金厂中坝6220_B^5326ZTCS1ETP1OJ5NJ^^^^^^^^^^PW-全业务-P-2727-麻栗坡县金厂中坝6220_B^5326ZTCS1PSW453WAFCEZY8D^^0^2021-12-27 06:03:42^SYSTEM_NEW^2021-12-17 14:27:46^SYSTEM_NEW^2021-12-27 06:03:42^4849821829^^
^PW-2G-P-43-文山州七楼9008_HX^53967856^-1932424929^^^^^^0^0^4808469186^^1^^9^118^^^0^0^53935988^^^^^PW-2G-P-43-文山州七楼9008_HX^5326ZTCS1ETPWVW2^^^^^^^^^^PW-2G-P-43-文山州七楼9008_HX^5326ZTCS1PSW453WAFCEZZAY^^0^2021-12-27 06:03:46^SYSTEM_NEW^2021-12-17 14:27:46^SYSTEM_NEW^2021-12-27 06:03:46^4849821830^^
^PW-全业务-P-4283-麻栗坡县大坝6220_B^-1953067101^-1932424929^^^^^^0^0^4808449435^^1^^9^121^^^0^0^53935988^^^^^PW-全业务-P-4283-麻栗坡县大坝6220_B^5326ZTCS1ETP2NICMW^^^^^^^^^^PW-全业务-P-4283-麻栗坡县大坝6220_B^5326ZTCS1PSW453WAFCEZXXJ^^0^2021-12-27 06:03:39^SYSTEM_NEW^2021-12-17 14:27:44^SYSTEM_NEW^2021-12-27 06:03:39^4849821811^^
^PW-全业务-W-558-麻栗坡县铁厂龙凤6200^53976862^-1932424949^^^^^^56630112^-1828967790^4821234321^^1^^9^121^^^0^0^53935988^^^^^PW-全业务-W-558-麻栗坡县铁厂龙凤6200^5326ZTCS1ETPC6G5S^^^^^^^^^^PW-全业务-W-558-麻栗坡县铁厂龙凤6200^5326ZTCS1PSW453WAFCEZYI5^^0^2021-12-27 06:03:07^SYSTEM_NEW^2021-12-17 14:27:44^SYSTEM_NEW^2021-12-27 06:03:07^4849821812^^
^PW-全业务-W-2799-麻栗坡县转堡6220^147838466^-1932424949^^^^^^148228961^-1828967792^4808469981^^1^^9^121^^^0^0^53935988^^^^^PW-全业务-W-2799-麻栗坡县转堡6220^5326ZTCS1ETP1Q46KU^^^^^^^^^^PW-全业务-W-2799-麻栗坡县转堡6220^5326ZTCS1PSW453WAFCEZXVL^^0^2021-12-27 06:03:36^SYSTEM_NEW^2021-12-17 14:27:47^SYSTEM_NEW^2021-12-27 06:03:36^4849821831^^
^PW-全业务-P-451-麻栗坡县竜林6300^53967676^-1932424929^^^^^^0^0^4808449426^^1^^9^121^^^0^0^53935988^^^^^PW-全业务-P-451-麻栗坡县竜林6300^5326ZTCS1ETP9TO30^^^^^^^^^^PW-全业务-P-451-麻栗坡县竜林6300^5326ZTCS1PSW453WAFCEZXY2^^0^2021-12-27 06:03:36^SYSTEM_NEW^2021-12-17 14:27:47^SYSTEM_NEW^2021-12-27 06:03:36^4849821832^^
^PW-全业务-P-4162-广南县大堡金矿6220^-1965363676^-1932424929^^^^^^0^0^4808470325^^1^^9^120^^^0^0^53935988^^^^^PW-全业务-P-4162-广南县大堡金矿6220^5326ZTCS1ETP2KUV1J^^^^^^^^^^PW-全业务-P-4162-广南县大堡金矿6220^5326ZTCS1PSW453WAFCEZZ8T^^0^2021-12-27 06:03:39^SYSTEM_NEW^2021-12-17 14:27:47^SYSTEM_NEW^2021-12-27 06:03:39^4849821834^^
^PW-2G -W-2576-砚山县蚌峨板榔6220^145495380^-1932424949^^^^^^145770394^-1929293398^4840798342^^1^^9^125^^^0^0^53935988^^^^^PW-2G -W-2576-砚山县蚌峨板榔6220^5326ZTCS1ETP1L8QI9^^^^^^^^^^PW-2G -W-2576-砚山县蚌峨板榔6220^5326ZTCS1PSW453WAFCEZZAL^^0^2021-12-27 06:03:47^SYSTEM_NEW^2021-12-17 14:27:47^SYSTEM_NEW^2021-12-27 06:03:47^4849821835^^
^DNI:PW-4382-文山州移动大楼2G3G落地3(7F) 6500_HX_4383-文山州移动大楼2G3G落地4(7F) 6500_HX-190038^-1932424949^-1932424929^^^^^^0^0^4840798307^^1^^9^118^^^0^0^53935988^^^^^DNI:PW-4382-文山州移动大楼2G3G落地3(7F) 6500_HX_4383-文山州移动大楼2G3G落地4(7F) 6500_HX-190038^5326ZTCS1ETP2PO59I^^^^^^^^^^DNI:PW-4382-文山州移动大楼2G3G落地3(7F) 6500_HX_4383-文山州移动大楼2G3G落地4(7F) 6500_HX-190038^5326ZTCS1PSW453WAFCEZY9E^^0^2021-12-27 06:03:22^SYSTEM_NEW^2021-12-17 14:27:47^SYSTEM_NEW^2021-12-27 06:03:22^4849821836^^
^PW-全业务-P-3992-文山市望龙苑小区扩展6220^-1987896613^-1932424929^^^^^^0^0^4808469974^^1^^9^118^^^0^0^53935988^^^^^PW-全业务-P-3992-文山市望龙苑小区扩展6220^5326ZTCS1ETP2H5XO2^^^^^^^^^^PW-全业务-P-3992-文山市望龙苑小区扩展6220^5326ZTCS1PSW453WAFCEZYUX^^0^2021-12-27 06:03:08^SYSTEM_NEW^2021-12-17 14:27:49^SYSTEM_NEW^2021-12-27 06:03:08^4849821855^^
^PW-2G-P-485-麻栗坡县铁厂6300^53967392^-1932424929^^^^^^0^0^4821234405^^1^^9^121^^^0^0^53935988^^^^^PW-2G-P-485-麻栗坡县铁厂6300^5326ZTCS1ETPAKNMQ^^^^^^^^^^PW-2G-P-485-麻栗坡县铁厂6300^5326ZTCS1PSW453WAFCEZYJA^^0^2021-12-27 06:02:57^SYSTEM_NEW^2021-12-17 14:27:50^SYSTEM_NEW^2021-12-27 06:02:57^4849821867^^
^DNI:PW-4382-文山州移动大楼2G3G落地3(7F) 6500_HX_4383-文山州移动大楼2G3G落地4(7F) 6500_HX-190206^-1932424949^-1932424929^^^^^^0^0^4840798307^^1^^9^118^^^0^0^53935988^^^^^DNI:PW-4382-文山州移动大楼2G3G落地3(7F) 6500_HX_4383-文山州移动大楼2G3G落地4(7F) 6500_HX-190206^5326ZTCS1ETP2PO91U^^^^^^^^^^DNI:PW-4382-文山州移动大楼2G3G落地3(7F) 6500_HX_4383-文山州移动大楼2G3G落地4(7F) 6500_HX-190206^5326ZTCS1PSW453WAFCEZYJ7^^0^2021-12-27 06:02:56^SYSTEM_NEW^2021-12-17 14:27:50^SYSTEM_NEW^2021-12-27 06:02:56^4849821868^^
^PW-全业务-P-1764-西畴县蚌谷龙庄6200^54019653^-1884868691^^^^^^58214479^4418708841^4808470714^^1^^9^124^^^0^0^53935988^^^1944^1944^PW-全业务-P-1764-西畴县蚌谷龙庄6200^5326ZTCS1ESP1645167588PAO^^^^^^^^^^PW-全业务-P-1764-西畴县蚌谷龙庄6200^5326ZTCS1PSW453WAFCEZZLY^^0^2021-12-27 06:03:19^SYSTEM_NEW^2021-12-17 14:27:50^SYSTEM_NEW^2021-12-27 06:03:19^4849821869^^
^PW-全业务-P-4162-广南县大堡金矿6220^-1965363676^-1932424929^^^^^^0^0^4808470325^^1^^9^120^^^0^0^53935988^^^^^PW-全业务-P-4162-广南县大堡金矿6220^5326ZTCS1ETP2KUV13^^^^^^^^^^PW-全业务-P-4162-广南县大堡金矿6220^5326ZTCS1PSW453WAFCEZZ8Q^^0^2021-12-27 06:03:46^SYSTEM_NEW^2021-12-17 14:27:50^SYSTEM_NEW^2021-12-27 06:03:46^4849821870^^
^PW-全业务-W-7813-文山市教育局1 6300_Q^-407415417^-1419091132^^^^^^-376796739^-1407693469^4849823344^^1^^9^118^^^0^0^53935988^^^3129^3129^PW-全业务-W-7813-文山市教育局1 6300_Q^5326ZTCS1ESP0193116751PF0^^^^^^^^^^PW-全业务-W-7813-文山市教育局1 6300_Q^5326ZTCS1PSW453WAFCEZZAK^^0^2021-12-27 06:03:16^SYSTEM_NEW^2021-12-17 14:27:50^SYSTEM_NEW^2021-12-27 06:03:16^4849821871^^
^PW-全业务-W-2864-麻栗坡县犀牛堡6220^147838553^-1932424949^^^^^^148226248^-1828967792^4808468671^^1^^9^121^^^0^0^53935988^^^^^PW-全业务-W-2864-麻栗坡县犀牛堡6220^5326ZTCS1ETP1RIU9C^^^^^^^^^^PW-全业务-W-2864-麻栗坡县犀牛堡6220^5326ZTCS1PSW453WAFCEZXVT^^0^2021-12-27 06:03:15^SYSTEM_NEW^2021-12-17 14:27:49^SYSTEM_NEW^2021-12-27 06:03:15^4849821856^^
^PW-2G -W-3407-广南县阿章6220^253403922^-1932424949^^^^^^254339970^-648765655^4821234461^^1^^9^120^^^0^0^53935988^^^^^PW-2G -W-3407-广南县阿章6220^5326ZTCS1ETP24DU7L^^^^^^^^^^PW-2G -W-3407-广南县阿章6220^5326ZTCS1PSW453WAFCEZY2K^^0^2021-12-27 06:04:12^SYSTEM_NEW^2021-12-17 14:27:49^SYSTEM_NEW^2021-12-27 06:04:12^4849821857^^
^PW-2G -W-4355-麻栗坡县铁厂普店6220_B^-1945859447^-1932424949^^^^^^-1934566301^-648767541^4808470121^^1^^9^121^^^0^0^53935988^^^^^PW-2G -W-4355-麻栗坡县铁厂普店6220_B^5326ZTCS1ETP2P3DL5^^^^^^^^^^PW-2G -W-4355-麻栗坡县铁厂普店6220_B^5326ZTCS1PSW453WAFCEZYR1^^0^2021-12-27 06:04:12^SYSTEM_NEW^2021-12-17 14:27:49^SYSTEM_NEW^2021-12-27 06:04:12^4849821858^^
^PW-全业务-P-1192-麻栗坡县马街6300^53983589^-1932424929^^^^^^0^0^4808449423^^1^^9^121^^^0^0^53935988^^^^^PW-全业务-P-1192-麻栗坡县马街6300^5326ZTCS1ETPQ10FN^^^^^^^^^^PW-全业务-P-1192-麻栗坡县马街6300^5326ZTCS1PSW453WAFCEZY7O^^0^2021-12-27 06:03:22^SYSTEM_NEW^2021-12-17 14:27:49^SYSTEM_NEW^2021-12-27 06:03:22^4849821859^^
^PW-全业务-P-2785-文山市东山者五社6220_B^145986467^-1932424929^^^^^^0^0^4808452991^^1^^9^118^^^0^0^53935988^^^^^PW-全业务-P-2785-文山市东山者五社6220_B^5326ZTCS1ETP1PSH59^^^^^^^^^^PW-全业务-P-2785-文山市东山者五社6220_B^5326ZTCS1PSW453WAFCEZYUH^^0^2021-12-27 06:03:37^SYSTEM_NEW^2021-12-17 14:27:49^SYSTEM_NEW^2021-12-27 06:03:37^4849821860^^
^PW-全业务-W-4839-广南县黑支果木丹6220^-1865230336^-1932424949^^^^^^-1861645681^-1828967790^4821234464^^1^^9^120^^^0^0^53935988^^^^^PW-全业务-W-4839-广南县黑支果木丹6220^5326ZTCS1ETP30NAAB^^^^^^^^^^PW-全业务-W-4839-广南县黑支果木丹6220^5326ZTCS1PSW453WAFCEZYEO^^0^2021-12-27 06:03:20^SYSTEM_NEW^2021-12-17 14:27:49^SYSTEM_NEW^2021-12-27 06:03:20^4849821861^^
^PW-全业务-P-7181-麻栗坡县八布扩展6200^-1314930260^-1932424929^^^^^^0^0^4830651848^^1^^9^121^^^0^0^53935988^^^^^PW-全业务-P-7181-麻栗坡县八布扩展6200^5326ZTCS1ETP4GS7FL^^^^^^^^^^PW-全业务-P-7181-麻栗坡县八布扩展6200^5326ZTCS1PSW453WAFCEZYBQ^^0^2021-12-27 06:03:31^SYSTEM_NEW^2021-12-17 14:27:49^SYSTEM_NEW^2021-12-27 06:03:31^4849821862^^
^PW-2G -W-2196-广南县箐木依6200^54065850^-1932424949^^^^^^122642159^-648765655^4821234394^^1^^9^120^^^0^0^53935988^^^^^PW-2G -W-2196-广南县箐木依6200^5326ZTCS1ETP1CXBO4^^^^^^^^^^PW-2G -W-2196-广南县箐木依6200^5326ZTCS1PSW453WAFCEZY6S^^0^2021-12-27 06:03:52^SYSTEM_NEW^2021-12-17 14:27:49^SYSTEM_NEW^2021-12-27 06:03:52^4849821863^^
^PW-全业务-P-2438-西畴县铝土矿区6220^142921804^-1932424929^^^^^^0^0^4821234343^^1^^9^124^^^0^0^53935988^^^^^PW-全业务-P-2438-西畴县铝土矿区6220^5326ZTCS1ETP1I8A1N^^^^^^^^^^PW-全业务-P-2438-西畴县铝土矿区6220^5326ZTCS1PSW453WAFCEZY34^^0^2021-12-27 06:03:11^SYSTEM_NEW^2021-12-17 14:27:49^SYSTEM_NEW^2021-12-27 06:03:11^4849821864^^
^PW-全业务-P-5939-广南县篆角坝熬上寨村6150_B^-1702882541^-1932424929^^^^^^0^0^4837441508^^1^^9^120^^^0^0^53935988^^^^^PW-全业务-P-5939-广南县篆角坝熬上寨村6150_B^5326ZTCS1ETP3ONYO1^^^^^^^^^^PW-全业务-P-5939-广南县篆角坝熬上寨村6150_B^5326ZTCS1PSW453WAFCEZYOA^^0^2021-12-27 06:03:11^SYSTEM_NEW^2021-12-17 14:27:49^SYSTEM_NEW^2021-12-27 06:03:11^4849821865^^
^PW-全业务-P-1033-麻栗坡县铁厂新区6200^53981039^-1932424929^^^^^^0^0^4808450406^^1^^9^121^^^0^0^53935988^^^^^PW-全业务-P-1033-麻栗坡县铁厂新区6200^5326ZTCS1ETPMJH4L^^^^^^^^^^PW-全业务-P-1033-麻栗坡县铁厂新区6200^5326ZTCS1PSW453WAFCEZXYT^^0^2021-12-27 06:03:09^SYSTEM_NEW^2021-12-17 14:27:49^SYSTEM_NEW^2021-12-27 06:03:09^4849821866^^
^DNI:PW-6572-富宁县电信L2/L3主6500_HX_6573-富宁县移动L2/L3备6500_HX-190736^-1525467651^-1525467650^^^^^^4678263548^4678263335^4808442635^^1^^9^119^^^0^0^53935988^^^194^194^DNI:PW-6572-富宁县电信L2/L3主6500_HX_6573-富宁县移动L2/L3备6500_HX-190736^5326ZTCS1ESP16637031784NEPQA^^^^^^^^^^DNI:PW-6572-富宁县电信L2/L3主6500_HX_6573-富宁县移动L2/L3备6500_HX-190736^5326ZTCS1PSW453WAFCEZZCS^^0^2021-12-27 06:03:10^SYSTEM_NEW^2021-12-17 14:27:47^SYSTEM_NEW^2021-12-27 06:03:10^4849821837^^
^PW-全业务-W-2660-麻栗坡县普元6220^145807853^-1932424949^^^^^^146552323^-1828967792^4821234210^^1^^9^121^^^0^0^53935988^^^^^PW-全业务-W-2660-麻栗坡县普元6220^5326ZTCS1ETP1N2XDX^^^^^^^^^^PW-全业务-W-2660-麻栗坡县普元6220^5326ZTCS1PSW453WAFCEZY8K^^0^2021-12-27 06:03:36^SYSTEM_NEW^2021-12-17 14:27:47^SYSTEM_NEW^2021-12-27 06:03:36^4849821838^^
^PW-全业务-P-7473-马关县看守所6150_B^-869170640^-1978904485^^^^^^-862665911^-1418703237^4808463117^^1^^9^122^^^0^0^53935988^^^103^103^PW-全业务-P-7473-马关县看守所6150_B^5326ZTCS1ESP02444601914JUVZB^^^^^^^^^^PW-全业务-P-7473-马关县看守所6150_B^5326ZTCS1PSW453WAFCF00XN^^0^2021-12-27 06:03:15^SYSTEM_NEW^2021-12-17 14:27:47^SYSTEM_NEW^2021-12-27 06:03:15^4849821839^^
^DNI:PW-6558-广南县铜鼓小区L2/L3主6500_HX_6560-广南县移动L2/L3备6500_HX-190782^-1529341254^-1529341279^^^^^^4588299327^4588299792^4808459386^^1^^9^120^^^0^0^53935988^^^197^197^DNI:PW-6558-广南县铜鼓小区L2/L3主6500_HX_6560-广南县移动L2/L3备6500_HX-190782^5326ZTCS1ESP14196019514NIXFP^^^^^^^^^^DNI:PW-6558-广南县铜鼓小区L2/L3主6500_HX_6560-广南县移动L2/L3备6500_HX-190782^5326ZTCS1PSW453WAFCEZZEV^^0^2021-12-27 06:03:41^SYSTEM_NEW^2021-12-17 14:27:47^SYSTEM_NEW^2021-12-27 06:03:41^4849821840^^
^PW-全业务-P-2098-文山市丽水龙庭6200_B^54034993^-1932424929^^^^^^0^0^4808453615^^1^^9^118^^^0^0^53935988^^^^^PW-全业务-P-2098-文山市丽水龙庭6200_B^5326ZTCS1ETP1ASF89^^^^^^^^^^PW-全业务-P-2098-文山市丽水龙庭6200_B^5326ZTCS1PSW453WAFCEZYUJ^^0^2021-12-27 06:03:07^SYSTEM_NEW^2021-12-17 14:27:47^SYSTEM_NEW^2021-12-27 06:03:07^4849821841^^
^PW-全业务-P-4460-西畴县董马幺铺子6220_B^-1928089526^-1932424929^^^^^^0^0^4821234214^^1^^9^124^^^0^0^53935988^^^^^PW-全业务-P-4460-西畴县董马幺铺子6220_B^5326ZTCS1ETP2RDMB2^^^^^^^^^^PW-全业务-P-4460-西畴县董马幺铺子6220_B^5326ZTCS1PSW453WAFCEZYB3^^0^2021-12-27 06:03:50^SYSTEM_NEW^2021-12-17 14:27:48^SYSTEM_NEW^2021-12-27 06:03:50^4849821842^^
^DNI:PW-6558-广南县铜鼓小区L2/L3主6500_HX_6560-广南县移动L2/L3备6500_HX-190467^-1529341254^-1529341279^^^^^^-515998007^-515998009^4808459386^^1^^9^120^^^0^0^53935988^^^322^322^DNI:PW-6558-广南县铜鼓小区L2/L3主6500_HX_6560-广南县移动L2/L3备6500_HX-190467^5326ZTCS1ESP14196018274SEIIQ^^^^^^^^^^DNI:PW-6558-广南县铜鼓小区L2/L3主6500_HX_6560-广南县移动L2/L3备6500_HX-190467^5326ZTCS1PSW453WAFCEZYXW^^0^2021-12-27 06:03:49^SYSTEM_NEW^2021-12-17 14:27:48^SYSTEM_NEW^2021-12-27 06:03:49^4849821843^^
^DNI:PW-4382-文山州移动大楼2G3G落地3(7F) 6500_HX_4383-文山州移动大楼2G3G落地4(7F) 6500_HX-189892^-1932424949^-1932424929^^^^^^0^0^4840798307^^1^^9^118^^^0^0^53935988^^^^^DNI:PW-4382-文山州移动大楼2G3G落地3(7F) 6500_HX_4383-文山州移动大楼2G3G落地4(7F) 6500_HX-189892^5326ZTCS1ETP2PO46S^^^^^^^^^^DNI:PW-4382-文山州移动大楼2G3G落地3(7F) 6500_HX_4383-文山州移动大楼2G3G落地4(7F) 6500_HX-189892^5326ZTCS1PSW453WAFCEZY0W^^0^2021-12-27 06:02:28^SYSTEM_NEW^2021-12-17 14:27:48^SYSTEM_NEW^2021-12-27 06:02:28^4849821844^^
^DNI:PW-4382-文山州移动大楼2G3G落地3(7F) 6500_HX_4383-文山州移动大楼2G3G落地4(7F) 6500_HX-189958^-1932424949^-1932424929^^^^^^0^0^4840798307^^1^^9^118^^^0^0^53935988^^^^^DNI:PW-4382-文山州移动大楼2G3G落地3(7F) 6500_HX_4383-文山州移动大楼2G3G落地4(7F) 6500_HX-189958^5326ZTCS1ETP2PO4MS^^^^^^^^^^DNI:PW-4382-文山州移动大楼2G3G落地3(7F) 6500_HX_4383-文山州移动大楼2G3G落地4(7F) 6500_HX-189958^5326ZTCS1PSW453WAFCEZY4L^^0^2021-12-27 06:03:33^SYSTEM_NEW^2021-12-17 14:27:48^SYSTEM_NEW^2021-12-27 06:03:33^4849821845^^
^PW-全业务-W-483-麻栗坡县六河6300^53966983^-1932424949^^^^^^-1785858106^-1828967792^4821234227^^1^^9^121^^^0^0^53935988^^^^^PW-全业务-W-483-麻栗坡县六河6300^5326ZTCS1ETPAJ538^^^^^^^^^^PW-全业务-W-483-麻栗坡县六河6300^5326ZTCS1PSW453WAFCEZXZV^^0^2021-12-27 06:03:45^SYSTEM_NEW^2021-12-17 14:27:48^SYSTEM_NEW^2021-12-27 06:03:45^4849821846^^
^PW-全业务-P-3040-广南县黑支果龙潭6220^214588159^-1932424929^^^^^^0^0^4821234314^^1^^9^120^^^0^0^53935988^^^^^PW-全业务-P-3040-广南县黑支果龙潭6220^5326ZTCS1ETP1VDD69^^^^^^^^^^PW-全业务-P-3040-广南县黑支果龙潭6220^5326ZTCS1PSW453WAFCEZZDZ^^0^2021-12-27 06:03:54^SYSTEM_NEW^2021-12-17 14:27:48^SYSTEM_NEW^2021-12-27 06:03:54^4849821847^^
^DNI:PW-4382-文山州移动大楼2G3G落地3(7F) 6500_HX_4383-文山州移动大楼2G3G落地4(7F) 6500_HX-190376^-1932424949^-1932424929^^^^^^0^0^4840798307^^1^^9^118^^^0^0^53935988^^^^^DNI:PW-4382-文山州移动大楼2G3G落地3(7F) 6500_HX_4383-文山州移动大楼2G3G落地4(7F) 6500_HX-190376^5326ZTCS1ETP2POBPS^^^^^^^^^^DNI:PW-4382-文山州移动大楼2G3G落地3(7F) 6500_HX_4383-文山州移动大楼2G3G落地4(7F) 6500_HX-190376^5326ZTCS1PSW453WAFCEZYSR^^0^2021-12-27 06:03:55^SYSTEM_NEW^2021-12-17 14:27:48^SYSTEM_NEW^2021-12-27 06:03:55^4849821848^^
^DNI:PW-4382-文山州移动大楼2G3G落地3(7F) 6500_HX_4383-文山州移动大楼2G3G落地4(7F) 6500_HX-190306^-1932424949^-1932424929^^^^^^0^0^4840798307^^1^^9^118^^^0^0^53935988^^^^^DNI:PW-4382-文山州移动大楼2G3G落地3(7F) 6500_HX_4383-文山州移动大楼2G3G落地4(7F) 6500_HX-190306^5326ZTCS1ETP2POB43^^^^^^^^^^DNI:PW-4382-文山州移动大楼2G3G落地3(7F) 6500_HX_4383-文山州移动大楼2G3G落地4(7F) 6500_HX-190306^5326ZTCS1PSW453WAFCEZYOT^^0^2021-12-27 06:03:17^SYSTEM_NEW^2021-12-17 14:27:48^SYSTEM_NEW^2021-12-27 06:03:17^4849821849^^
^DNI:PW-4382-文山州移动大楼2G3G落地3(7F) 6500_HX_4383-文山州移动大楼2G3G落地4(7F) 6500_HX-190643^-1932424949^-1932424929^^^^^^0^0^4840798307^^1^^9^118^^^0^0^53935988^^^^^DNI:PW-4382-文山州移动大楼2G3G落地3(7F) 6500_HX_4383-文山州移动大楼2G3G落地4(7F) 6500_HX-190643^5326ZTCS1ETP2PODK9^^^^^^^^^^DNI:PW-4382-文山州移动大楼2G3G落地3(7F) 6500_HX_4383-文山州移动大楼2G3G落地4(7F) 6500_HX-190643^5326ZTCS1PSW453WAFCEZZ6Z^^0^2021-12-27 06:03:45^SYSTEM_NEW^2021-12-17 14:27:48^SYSTEM_NEW^2021-12-27 06:03:45^4849821850^^
^DNI:PW-4382-文山州移动大楼2G3G落地3(7F) 6500_HX_4383-文山州移动大楼2G3G落地4(7F) 6500_HX-189881^-1932424949^-1932424929^^^^^^0^0^4840798307^^1^^9^118^^^0^0^53935988^^^^^DNI:PW-4382-文山州移动大楼2G3G落地3(7F) 6500_HX_4383-文山州移动大楼2G3G落地4(7F) 6500_HX-189881^5326ZTCS1ETP2PO43D^^^^^^^^^^DNI:PW-4382-文山州移动大楼2G3G落地3(7F) 6500_HX_4383-文山州移动大楼2G3G落地4(7F) 6500_HX-189881^5326ZTCS1PSW453WAFCEZY0A^^0^2021-12-27 06:03:52^SYSTEM_NEW^2021-12-17 14:27:48^SYSTEM_NEW^2021-12-27 06:03:52^4849821851^^
^DNI:PW-4382-文山州移动大楼2G3G落地3(7F) 6500_HX_4383-文山州移动大楼2G3G落地4(7F) 6500_HX-190199^-1932424949^-1932424929^^^^^^0^0^4840798307^^1^^9^118^^^0^0^53935988^^^^^DNI:PW-4382-文山州移动大楼2G3G落地3(7F) 6500_HX_4383-文山州移动大楼2G3G落地4(7F) 6500_HX-190199^5326ZTCS1ETP2PO8OI^^^^^^^^^^DNI:PW-4382-文山州移动大楼2G3G落地3(7F) 6500_HX_4383-文山州移动大楼2G3G落地4(7F) 6500_HX-190199^5326ZTCS1PSW453WAFCEZYIQ^^0^2021-12-27 06:02:28^SYSTEM_NEW^2021-12-17 14:27:48^SYSTEM_NEW^2021-12-27 06:02:28^4849821852^^
^PW-全业务-P-2083-麻栗坡县银盘山6200^53957097^-1932424929^^^^^^0^0^4830652515^^1^^9^121^^^0^0^53935988^^^^^PW-全业务-P-2083-麻栗坡县银盘山6200^5326ZTCS1ETP1AGY0I^^^^^^^^^^PW-全业务-P-2083-麻栗坡县银盘山6200^5326ZTCS1PSW453WAFCEZY9Q^^0^2021-12-27 06:03:13^SYSTEM_NEW^2021-12-17 14:27:48^SYSTEM_NEW^2021-12-27 06:03:13^4849821853^^
^DNI:PW-4382-文山州移动大楼2G3G落地3(7F) 6500_HX_4383-文山州移动大楼2G3G落地4(7F) 6500_HX-190326^-1932424949^-1932424929^^^^^^0^0^4840798307^^1^^9^118^^^0^0^53935988^^^^^DNI:PW-4382-文山州移动大楼2G3G落地3(7F) 6500_HX_4383-文山州移动大楼2G3G落地4(7F) 6500_HX-190326^5326ZTCS1ETP2POBBE^^^^^^^^^^DNI:PW-4382-文山州移动大楼2G3G落地3(7F) 6500_HX_4383-文山州移动大楼2G3G落地4(7F) 6500_HX-190326^5326ZTCS1PSW453WAFCEZYPT^^0^2021-12-27 06:03:22^SYSTEM_NEW^2021-12-17 14:27:49^SYSTEM_NEW^2021-12-27 06:03:22^4849821854^^
^PW-全业务-W-4280-麻栗坡县下金厂云岭6220^-1953067112^-1932424949^^^^^^-1950660938^-1828967792^4808468365^^1^^9^121^^^0^0^53935988^^^^^PW-全业务-W-4280-麻栗坡县下金厂云岭6220^5326ZTCS1ETP2NG2FT^^^^^^^^^^PW-全业务-W-4280-麻栗坡县下金厂云岭6220^5326ZTCS1PSW453WAFCEZXVY^^0^2021-12-27 06:03:13^SYSTEM_NEW^2021-12-17 14:27:51^SYSTEM_NEW^2021-12-27 06:03:13^4849821878^^
^PW-全业务-W-7813-文山市教育局1 6300_Q^-407415417^-1162322119^^^^^^-376796739^-1159046590^4808465143^^1^^9^118^^^0^0^53935988^^^3117^3117^PW-全业务-W-7813-文山市教育局1 6300_Q^5326ZTCS1ESP0193116751PFK^^^^^^^^^^PW-全业务-W-7813-文山市教育局1 6300_Q^5326ZTCS1PSW453WAFCF00X0^^0^2021-12-27 06:03:22^SYSTEM_NEW^2021-12-17 14:27:51^SYSTEM_NEW^2021-12-27 06:03:22^4849821879^^
^PW-2G -W-485-麻栗坡县铁厂6300^53967392^-1932424949^^^^^^-1793082920^-648765655^4821234407^^1^^9^121^^^0^0^53935988^^^^^PW-2G -W-485-麻栗坡县铁厂6300^5326ZTCS1ETPAKNNV^^^^^^^^^^PW-2G -W-485-麻栗坡县铁厂6300^5326ZTCS1PSW453WAFCEZYJF^^0^2021-12-27 06:03:36^SYSTEM_NEW^2021-12-17 14:27:51^SYSTEM_NEW^2021-12-27 06:03:36^4849821880^^
^PW-2G -W-3057-富宁县木令6220^214588199^-1932424949^^^^^^218085424^-648765655^4821234292^^1^^9^119^^^0^0^53935988^^^^^PW-2G -W-3057-富宁县木令6220^5326ZTCS1ETP1VQCYN^^^^^^^^^^PW-2G -W-3057-富宁县木令6220^5326ZTCS1PSW453WAFCEZYHB^^0^2021-12-27 06:03:14^SYSTEM_NEW^2021-12-17 14:27:50^SYSTEM_NEW^2021-12-27 06:03:14^4849821872^^
^PW-2G-P-4354-麻栗坡县铁厂三家湾6220_B^-1945859470^-1932424929^^^^^^0^0^4808449939^^1^^9^121^^^0^0^53935988^^^^^PW-2G-P-4354-麻栗坡县铁厂三家湾6220_B^5326ZTCS1ETP2P2LU5^^^^^^^^^^PW-2G-P-4354-麻栗坡县铁厂三家湾6220_B^5326ZTCS1PSW453WAFCEZYQQ^^0^2021-12-27 06:03:11^SYSTEM_NEW^2021-12-17 14:27:50^SYSTEM_NEW^2021-12-27 06:03:11^4849821873^^
^PW-全业务-W-7813-文山市教育局1 6300_Q^-407415417^-1708408712^^^^^^-376796739^-1645469582^4849823396^^1^^9^118^^^0^0^53935988^^^3064^3064^PW-全业务-W-7813-文山市教育局1 6300_Q^5326ZTCS1ESP0193116751PF8^^^^^^^^^^PW-全业务-W-7813-文山市教育局1 6300_Q^5326ZTCS1PSW453WAFCEZZKJ^^0^2021-12-27 06:03:51^SYSTEM_NEW^2021-12-17 14:27:50^SYSTEM_NEW^2021-12-27 06:03:51^4849821874^^
^DNI:PW-4084-文山州移动大楼L2L3主2(6F)6500_HX_4085-文山州移动大楼L2L3备2(7F)6500_HX-191686^-1978904491^-1978904485^^^^^^-1418703232^-1418703237^4808447182^^1^^9^118^^^0^0^53935988^^^103^103^DNI:PW-4084-文山州移动大楼L2L3主2(6F)6500_HX_4085-文山州移动大楼L2L3备2(7F)6500_HX-191686^5326ZTCS1ESP10139194014JUVZB^^^^^^^^^^DNI:PW-4084-文山州移动大楼L2L3主2(6F)6500_HX_4085-文山州移动大楼L2L3备2(7F)6500_HX-191686^5326ZTCS1PSW453WAFCF00XO^^0^2021-12-27 06:03:22^SYSTEM_NEW^2021-12-17 14:27:51^SYSTEM_NEW^2021-12-27 06:03:22^4849821875^^
^DNI:PW-4382-文山州移动大楼2G3G落地3(7F) 6500_HX_4383-文山州移动大楼2G3G落地4(7F) 6500_HX-190361^-1932424949^-1932424929^^^^^^0^0^4840798307^^1^^9^118^^^0^0^53935988^^^^^DNI:PW-4382-文山州移动大楼2G3G落地3(7F) 6500_HX_4383-文山州移动大楼2G3G落地4(7F) 6500_HX-190361^5326ZTCS1ETP2POBM5^^^^^^^^^^DNI:PW-4382-文山州移动大楼2G3G落地3(7F) 6500_HX_4383-文山州移动大楼2G3G落地4(7F) 6500_HX-190361^5326ZTCS1PSW453WAFCEZYRU^^0^2021-12-27 06:02:09^SYSTEM_NEW^2021-12-17 14:27:51^SYSTEM_NEW^2021-12-27 06:02:09^4849821876^^
^PW-2G -W-3429-西畴县鸡街那磨6220_B^265506150^-1932424949^^^^^^266147082^-1929293398^4840798530^^1^^9^124^^^0^0^53935988^^^^^PW-2G -W-3429-西畴县鸡街那磨6220_B^5326ZTCS1ETP24UNN9^^^^^^^^^^PW-2G -W-3429-西畴县鸡街那磨6220_B^5326ZTCS1PSW453WAFCEZZ03^^0^2021-12-27 06:03:43^SYSTEM_NEW^2021-12-17 14:27:51^SYSTEM_NEW^2021-12-27 06:03:43^4849821877^^
^PW-全业务-W-3040-广南县黑支果龙潭6220^214588159^-1932424949^^^^^^220965654^4838247181^4821234241^^1^^9^120^^^0^0^53935988^^^^^PW-全业务-W-3040-广南县黑支果龙潭6220^5326ZTCS1ETP1VDD54^^^^^^^^^^PW-全业务-W-3040-广南县黑支果龙潭6220^5326ZTCS1PSW453WAFCEZZDV^^0^2021-12-27 06:03:31^SYSTEM_NEW^2021-12-17 14:27:53^SYSTEM_NEW^2021-12-27 06:03:31^4849821890^^
^PW-2G -W-3407-广南县阿章6220^253403922^-1932424949^^^^^^254339971^-648765655^4821234461^^1^^9^120^^^0^0^53935988^^^^^PW-2G -W-3407-广南县阿章6220^5326ZTCS1ETP24DU82^^^^^^^^^^PW-2G -W-3407-广南县阿章6220^5326ZTCS1PSW453WAFCEZY2N^^0^2021-12-27 06:03:38^SYSTEM_NEW^2021-12-17 14:27:52^SYSTEM_NEW^2021-12-27 06:03:38^4849821886^^
^PW-全业务-P-2799-麻栗坡县转堡6220^147838466^-1932424929^^^^^^0^0^4808452770^^1^^9^121^^^0^0^53935988^^^^^PW-全业务-P-2799-麻栗坡县转堡6220^5326ZTCS1ETP1Q46KM^^^^^^^^^^PW-全业务-P-2799-麻栗坡县转堡6220^5326ZTCS1PSW453WAFCEZXVJ^^0^2021-12-27 06:03:08^SYSTEM_NEW^2021-12-17 14:27:52^SYSTEM_NEW^2021-12-27 06:03:08^4849821887^^
^PW-全业务-P-238-文山市图书馆6200^53966833^-1932424929^^^^^^0^0^4808454753^^1^^9^118^^^0^0^53935988^^^^^PW-全业务-P-238-文山市图书馆6200^5326ZTCS1ETP56VF6^^^^^^^^^^PW-全业务-P-238-文山市图书馆6200^5326ZTCS1PSW453WAFCEZYV9^^0^2021-12-27 06:03:39^SYSTEM_NEW^2021-12-17 14:27:52^SYSTEM_NEW^2021-12-27 06:03:39^4849821888^^
^PW-全业务-P-2794-麻栗坡县下金厂仓房6220_B^147838650^-1932424929^^^^^^0^0^4830651921^^1^^9^121^^^0^0^53935988^^^^^PW-全业务-P-2794-麻栗坡县下金厂仓房6220_B^5326ZTCS1ETP1Q0CSC^^^^^^^^^^PW-全业务-P-2794-麻栗坡县下金厂仓房6220_B^5326ZTCS1PSW453WAFCEZY42^^0^2021-12-27 06:03:45^SYSTEM_NEW^2021-12-17 14:27:53^SYSTEM_NEW^2021-12-27 06:03:45^4849821889^^
^PW-全业务-W-1721-麻栗坡县竜林开发区6220_B^53994347^-1932424949^^^^^^58102047^-1828967792^4808450910^^1^^9^121^^^0^0^53935988^^^^^PW-全业务-W-1721-麻栗坡县竜林开发区6220_B^5326ZTCS1ETP12KARL^^^^^^^^^^PW-全业务-W-1721-麻栗坡县竜林开发区6220_B^5326ZTCS1PSW453WAFCEZXZN^^0^2021-12-27 06:03:22^SYSTEM_NEW^2021-12-17 14:27:53^SYSTEM_NEW^2021-12-27 06:03:22^4849821891^^
^PW-全业务-W-2866-麻栗坡县南庄矿区6220^147838290^-1932424949^^^^^^148230226^-1828967792^4808468366^^1^^9^121^^^0^0^53935988^^^^^PW-全业务-W-2866-麻栗坡县南庄矿区6220^5326ZTCS1ETP1RKDR9^^^^^^^^^^PW-全业务-W-2866-麻栗坡县南庄矿区6220^5326ZTCS1PSW453WAFCEZXWO^^0^2021-12-27 06:03:45^SYSTEM_NEW^2021-12-17 14:27:53^SYSTEM_NEW^2021-12-27 06:03:45^4849821892^^
^DNI:PW-4382-文山州移动大楼2G3G落地3(7F) 6500_HX_4383-文山州移动大楼2G3G落地4(7F) 6500_HX-190290^-1932424949^-1932424929^^^^^^0^0^4840798307^^1^^9^118^^^0^0^53935988^^^^^DNI:PW-4382-文山州移动大楼2G3G落地3(7F) 6500_HX_4383-文山州移动大楼2G3G落地4(7F) 6500_HX-190290^5326ZTCS1ETP2POAV3^^^^^^^^^^DNI:PW-4382-文山州移动大楼2G3G落地3(7F) 6500_HX_4383-文山州移动大楼2G3G落地4(7F) 6500_HX-190290^5326ZTCS1PSW453WAFCEZYNV^^0^2021-12-27 06:03:43^SYSTEM_NEW^2021-12-17 14:27:53^SYSTEM_NEW^2021-12-27 06:03:43^4849821894^^
^PW-全业务-P-3450-广南县干坝6220^272804284^-1932424929^^^^^^0^0^4821234243^^1^^9^120^^^0^0^53935988^^^^^PW-全业务-P-3450-广南县干坝6220^5326ZTCS1ETP25BPEI^^^^^^^^^^PW-全业务-P-3450-广南县干坝6220^5326ZTCS1PSW453WAFCEZZCI^^0^2021-12-27 06:03:26^SYSTEM_NEW^2021-12-17 14:27:53^SYSTEM_NEW^2021-12-27 06:03:26^4849821895^^
^DNI:PW-4382-文山州移动大楼2G3G落地3(7F) 6500_HX_4383-文山州移动大楼2G3G落地4(7F) 6500_HX-189869^-1932424949^-1932424929^^^^^^0^0^4840798307^^1^^9^118^^^0^0^53935988^^^^^DNI:PW-4382-文山州移动大楼2G3G落地3(7F) 6500_HX_4383-文山州移动大楼2G3G落地4(7F) 6500_HX-189869^5326ZTCS1ETP2PO3YX^^^^^^^^^^DNI:PW-4382-文山州移动大楼2G3G落地3(7F) 6500_HX_4383-文山州移动大楼2G3G落地4(7F) 6500_HX-189869^5326ZTCS1PSW453WAFCEZXZM^^0^2021-12-27 06:03:19^SYSTEM_NEW^2021-12-17 14:27:53^SYSTEM_NEW^2021-12-27 06:03:19^4849821896^^
^DNI:PW-4382-文山州移动大楼2G3G落地3(7F) 6500_HX_4383-文山州移动大楼2G3G落地4(7F) 6500_HX-190412^-1932424949^-1932424929^^^^^^0^0^4840798545^^1^^9^118^^^0^0^53935988^^^^^DNI:PW-4382-文山州移动大楼2G3G落地3(7F) 6500_HX_4383-文山州移动大楼2G3G落地4(7F) 6500_HX-190412^5326ZTCS1ETP2POBW7^^^^^^^^^^DNI:PW-4382-文山州移动大楼2G3G落地3(7F) 6500_HX_4383-文山州移动大楼2G3G落地4(7F) 6500_HX-190412^5326ZTCS1PSW453WAFCEZYV8^^0^2021-12-27 06:03:34^SYSTEM_NEW^2021-12-17 14:27:53^SYSTEM_NEW^2021-12-27 06:03:34^4849821897^^
^PW-全业务-W-6840-广南县林业局6150^-1441792216^-1529341254^^^^^^-1441028918^-515998012^4808450688^^1^^9^120^^^0^0^53935988^^^1322^1322^PW-全业务-W-6840-广南县林业局6150^5326ZTCS1ESP12993573485VF76Y^^^^^^^^^^PW-全业务-W-6840-广南县林业局6150^5326ZTCS1PSW453WAFCEZYXY^^0^2021-12-27 06:03:50^SYSTEM_NEW^2021-12-17 14:27:52^SYSTEM_NEW^2021-12-27 06:03:50^4849821881^^
^PW-2G-P-43-文山州七楼9008_HX^53967856^-1932424929^^^^^^0^0^4808469186^^1^^9^118^^^0^0^53935988^^^^^PW-2G-P-43-文山州七楼9008_HX^5326ZTCS1ETPWVV5^^^^^^^^^^PW-2G-P-43-文山州七楼9008_HX^5326ZTCS1PSW453WAFCEZYRT^^0^2021-12-27 06:03:37^SYSTEM_NEW^2021-12-17 14:27:52^SYSTEM_NEW^2021-12-27 06:03:37^4849821882^^
^PW-2G -W-4310-麻栗坡县小银厂6220_B^-1950585438^-1932424949^^^^^^-1947705360^-648767541^4808456543^^1^^9^121^^^0^0^53935988^^^^^PW-2G -W-4310-麻栗坡县小银厂6220_B^5326ZTCS1ETP2O3YUM^^^^^^^^^^PW-2G -W-4310-麻栗坡县小银厂6220_B^5326ZTCS1PSW453WAFCEZYP5^^0^2021-12-27 06:04:36^SYSTEM_NEW^2021-12-17 14:27:52^SYSTEM_NEW^2021-12-27 06:04:36^4849821883^^
^PW-全业务-W-2387-广南县红岩6220^125422075^-1932424949^^^^^^125820352^4838247181^4821234267^^1^^9^120^^^0^0^53935988^^^^^PW-全业务-W-2387-广南县红岩6220^5326ZTCS1ETP1H4AVI^^^^^^^^^^PW-全业务-W-2387-广南县红岩6220^5326ZTCS1PSW453WAFCEZZDH^^0^2021-12-27 06:03:14^SYSTEM_NEW^2021-12-17 14:27:52^SYSTEM_NEW^2021-12-27 06:03:14^4849821884^^
^DNI:PW-4382-文山州移动大楼2G3G落地3(7F) 6500_HX_4383-文山州移动大楼2G3G落地4(7F) 6500_HX-190683^-1932424949^-1932424929^^^^^^0^0^4840798307^^1^^9^118^^^0^0^53935988^^^^^DNI:PW-4382-文山州移动大楼2G3G落地3(7F) 6500_HX_4383-文山州移动大楼2G3G落地4(7F) 6500_HX-190683^5326ZTCS1ETP2PODTE^^^^^^^^^^DNI:PW-4382-文山州移动大楼2G3G落地3(7F) 6500_HX_4383-文山州移动大楼2G3G落地4(7F) 6500_HX-190683^5326ZTCS1PSW453WAFCEZZ97^^0^2021-12-27 06:03:48^SYSTEM_NEW^2021-12-17 14:27:52^SYSTEM_NEW^2021-12-27 06:03:48^4849821885^^
^DNI:PW-6558-广南县铜鼓小区L2/L3主6500_HX_6560-广南县移动L2/L3备6500_HX-190794^-1529341254^-1529341279^^^^^^4588299327^4588299792^4808459386^^1^^9^120^^^0^0^53935988^^^191^191^DNI:PW-6558-广南县铜鼓小区L2/L3主6500_HX_6560-广南县移动L2/L3备6500_HX-190794^5326ZTCS1ESP14196019514NAI0V^^^^^^^^^^DNI:PW-6558-广南县铜鼓小区L2/L3主6500_HX_6560-广南县移动L2/L3备6500_HX-190794^5326ZTCS1PSW453WAFCEZZFH^^0^2021-12-27 06:03:06^SYSTEM_NEW^2021-12-17 14:27:55^SYSTEM_NEW^2021-12-27 06:03:06^4849821908^^
^PW-2G -W-3002-砚山县蚌峨六掌6220_B^147841289^-1932424949^^^^^^148231365^-1929293398^4840798404^^1^^9^125^^^0^0^53935988^^^^^PW-2G -W-3002-砚山县蚌峨六掌6220_B^5326ZTCS1ETP1UJBPH^^^^^^^^^^PW-2G -W-3002-砚山县蚌峨六掌6220_B^5326ZTCS1PSW453WAFCEZZ17^^0^2021-12-27 06:03:52^SYSTEM_NEW^2021-12-17 14:27:55^SYSTEM_NEW^2021-12-27 06:03:52^4849821910^^
^PW-2G-P-2612-砚山县科洒6220^145808671^-1932424929^^^^^^0^0^4849823383^^1^^9^125^^^0^0^53935988^^^^^PW-2G-P-2612-砚山县科洒6220^5326ZTCS1ETP1M19GK^^^^^^^^^^PW-2G-P-2612-砚山县科洒6220^5326ZTCS1PSW453WAFCEZZ6U^^0^2021-12-27 06:03:31^SYSTEM_NEW^2021-12-17 14:27:55^SYSTEM_NEW^2021-12-27 06:03:31^4849821911^^
^PW-全业务-W-4460-西畴县董马幺铺子6220_B^-1928089526^-1932424949^^^^^^-1927643354^-1828967790^4821234457^^1^^9^124^^^0^0^53935988^^^^^PW-全业务-W-4460-西畴县董马幺铺子6220_B^5326ZTCS1ETP2RDM9O^^^^^^^^^^PW-全业务-W-4460-西畴县董马幺铺子6220_B^5326ZTCS1PSW453WAFCEZYB2^^0^2021-12-27 06:03:44^SYSTEM_NEW^2021-12-17 14:27:56^SYSTEM_NEW^2021-12-27 06:03:44^4849821912^^
^PW-全业务-P-6840-广南县林业局6150^-1441792216^-1529341279^^^^^^-1441028918^-515998396^4808462798^^1^^9^120^^^0^0^53935988^^^1322^1322^PW-全业务-P-6840-广南县林业局6150^5326ZTCS1ESP12993573485VF76Y^^^^^^^^^^PW-全业务-P-6840-广南县林业局6150^5326ZTCS1PSW453WAFCEZYXZ^^0^2021-12-27 06:03:41^SYSTEM_NEW^2021-12-17 14:27:58^SYSTEM_NEW^2021-12-27 06:03:41^4849821932^^
^PW-全业务-W-3423-广南县坝熬6220^257990125^-1932424949^^^^^^258144773^4838247181^4808470472^^1^^9^120^^^0^0^53935988^^^^^PW-全业务-W-3423-广南县坝熬6220^5326ZTCS1ETP24Q38E^^^^^^^^^^PW-全业务-W-3423-广南县坝熬6220^5326ZTCS1PSW453WAFCEZZ7D^^0^2021-12-27 06:03:32^SYSTEM_NEW^2021-12-17 14:27:59^SYSTEM_NEW^2021-12-27 06:03:32^4849821933^^
^PW-全业务-P-4759-麻栗坡县铁厂大毛坡6220_B^-1884868644^-1932424929^^^^^^0^0^4821234304^^1^^9^121^^^0^0^53935988^^^^^PW-全业务-P-4759-麻栗坡县铁厂大毛坡6220_B^5326ZTCS1ETP2XW5CH^^^^^^^^^^PW-全业务-P-4759-麻栗坡县铁厂大毛坡6220_B^5326ZTCS1PSW453WAFCEZYC7^^0^2021-12-27 06:03:46^SYSTEM_NEW^2021-12-17 14:27:59^SYSTEM_NEW^2021-12-27 06:03:46^4849821934^^
^PW-2G-P-3372-广南县黑支果镇政府6220^247514594^-1932424929^^^^^^0^0^4821234204^^1^^9^120^^^0^0^53935988^^^^^PW-2G-P-3372-广南县黑支果镇政府6220^5326ZTCS1ETP23M41V^^^^^^^^^^PW-2G-P-3372-广南县黑支果镇政府6220^5326ZTCS1PSW453WAFCEZY53^^0^2021-12-27 06:03:40^SYSTEM_NEW^2021-12-17 14:27:59^SYSTEM_NEW^2021-12-27 06:03:40^4849821935^^
^PW-全业务-P-5781-文山市头塘坝6150_B^-1735843893^-1932424929^^^^^^0^0^4830651888^^1^^9^118^^^0^0^53935988^^^^^PW-全业务-P-5781-文山市头塘坝6150_B^5326ZTCS1ETP3L8890^^^^^^^^^^PW-全业务-P-5781-文山市头塘坝6150_B^5326ZTCS1PSW453WAFCEZYUR^^0^2021-12-27 06:03:39^SYSTEM_NEW^2021-12-17 14:27:59^SYSTEM_NEW^2021-12-27 06:03:39^4849821936^^
^PW-全业务-P-483-麻栗坡县六河6300^53966983^-1932424929^^^^^^0^0^4821234294^^1^^9^121^^^0^0^53935988^^^^^PW-全业务-P-483-麻栗坡县六河6300^5326ZTCS1ETPAJ53G^^^^^^^^^^PW-全业务-P-483-麻栗坡县六河6300^5326ZTCS1PSW453WAFCEZXZW^^0^2021-12-27 06:03:43^SYSTEM_NEW^2021-12-17 14:27:59^SYSTEM_NEW^2021-12-27 06:03:43^4849821937^^
^DNI:PW-4382-文山州移动大楼2G3G落地3(7F) 6500_HX_4383-文山州移动大楼2G3G落地4(7F) 6500_HX-190028^-1932424949^-1932424929^^^^^^0^0^4840798307^^1^^9^118^^^0^0^53935988^^^^^DNI:PW-4382-文山州移动大楼2G3G落地3(7F) 6500_HX_4383-文山州移动大楼2G3G落地4(7F) 6500_HX-190028^5326ZTCS1ETP2PO570^^^^^^^^^^DNI:PW-4382-文山州移动大楼2G3G落地3(7F) 6500_HX_4383-文山州移动大楼2G3G落地4(7F) 6500_HX-190028^5326ZTCS1PSW453WAFCEZY8U^^0^2021-12-27 06:03:43^SYSTEM_NEW^2021-12-17 14:27:59^SYSTEM_NEW^2021-12-27 06:03:43^4849821938^^
^PW-全业务-P-1033-麻栗坡县铁厂新区6200^53981039^-1932424929^^^^^^0^0^4808450406^^1^^9^121^^^0^0^53935988^^^^^PW-全业务-P-1033-麻栗坡县铁厂新区6200^5326ZTCS1ETPMJH5Q^^^^^^^^^^PW-全业务-P-1033-麻栗坡县铁厂新区6200^5326ZTCS1PSW453WAFCEZXYW^^0^2021-12-27 06:03:47^SYSTEM_NEW^2021-12-17 14:27:56^SYSTEM_NEW^2021-12-27 06:03:47^4849821913^^
^PW-全业务-W-4291-麻栗坡县羊皮寨6220^-1950585456^-1932424949^^^^^^-1948823742^-1828967792^4808471704^^1^^9^121^^^0^0^53935988^^^^^PW-全业务-W-4291-麻栗坡县羊皮寨6220^5326ZTCS1ETP2NOGNF^^^^^^^^^^PW-全业务-W-4291-麻栗坡县羊皮寨6220^5326ZTCS1PSW453WAFCEZXWG^^0^2021-12-27 06:03:13^SYSTEM_NEW^2021-12-17 14:27:56^SYSTEM_NEW^2021-12-27 06:03:13^4849821914^^
^PW-全业务-W-2867-西畴县鸡街野马塘6220^147838294^-1932424949^^^^^^148226166^-1828967790^4821234337^^1^^9^124^^^0^0^53935988^^^^^PW-全业务-W-2867-西畴县鸡街野马塘6220^5326ZTCS1ETP1RL5HK^^^^^^^^^^PW-全业务-W-2867-西畴县鸡街野马塘6220^5326ZTCS1PSW453WAFCEZY5J^^0^2021-12-27 06:03:34^SYSTEM_NEW^2021-12-17 14:27:56^SYSTEM_NEW^2021-12-27 06:03:34^4849821915^^
^PW-全业务-P-1194-麻栗坡县南令师宗6200_B^53984621^-1932424929^^^^^^0^0^4808453647^^1^^9^121^^^0^0^53935988^^^^^PW-全业务-P-1194-麻栗坡县南令师宗6200_B^5326ZTCS1ETPQ2IRU^^^^^^^^^^PW-全业务-P-1194-麻栗坡县南令师宗6200_B^5326ZTCS1PSW453WAFCEZXZD^^0^2021-12-27 06:03:22^SYSTEM_NEW^2021-12-17 14:27:56^SYSTEM_NEW^2021-12-27 06:03:22^4849821916^^
^DNI:PW-4382-文山州移动大楼2G3G落地3(7F) 6500_HX_4383-文山州移动大楼2G3G落地4(7F) 6500_HX-190241^-1932424949^-1932424929^^^^^^0^0^4840798307^^1^^9^118^^^0^0^53935988^^^^^DNI:PW-4382-文山州移动大楼2G3G落地3(7F) 6500_HX_4383-文山州移动大楼2G3G落地4(7F) 6500_HX-190241^5326ZTCS1ETP2PO9YB^^^^^^^^^^DNI:PW-4382-文山州移动大楼2G3G落地3(7F) 6500_HX_4383-文山州移动大楼2G3G落地4(7F) 6500_HX-190241^5326ZTCS1PSW453WAFCEZYL3^^0^2021-12-27 06:03:22^SYSTEM_NEW^2021-12-17 14:27:56^SYSTEM_NEW^2021-12-27 06:03:22^4849821917^^
^DNI:PW-4382-文山州移动大楼2G3G落地3(7F) 6500_HX_4383-文山州移动大楼2G3G落地4(7F) 6500_HX-190751^-1932424949^-1932424929^^^^^^0^0^4840798307^^1^^9^118^^^0^0^53935988^^^^^DNI:PW-4382-文山州移动大楼2G3G落地3(7F) 6500_HX_4383-文山州移动大楼2G3G落地4(7F) 6500_HX-190751^5326ZTCS1ETP2POE91^^^^^^^^^^DNI:PW-4382-文山州移动大楼2G3G落地3(7F) 6500_HX_4383-文山州移动大楼2G3G落地4(7F) 6500_HX-190751^5326ZTCS1PSW453WAFCEZZDA^^0^2021-12-27 06:03:45^SYSTEM_NEW^2021-12-17 14:27:57^SYSTEM_NEW^2021-12-27 06:03:45^4849821918^^
^PW-2G -W-3038-广南县牡蛎6220_B^214588228^-1932424949^^^^^^220974239^-648765655^4821234379^^1^^9^120^^^0^0^53935988^^^^^PW-2G -W-3038-广南县牡蛎6220_B^5326ZTCS1ETP1VBTPE^^^^^^^^^^PW-2G -W-3038-广南县牡蛎6220_B^5326ZTCS1PSW453WAFCEZY3T^^0^2021-12-27 06:03:55^SYSTEM_NEW^2021-12-17 14:27:57^SYSTEM_NEW^2021-12-27 06:03:55^4849821919^^
^PW-2G-P-3439-广南县猴子箐6220_B^268336688^-1932424929^^^^^^0^0^4821234286^^1^^9^120^^^0^0^53935988^^^^^PW-2G-P-3439-广南县猴子箐6220_B^5326ZTCS1ETP253B7T^^^^^^^^^^PW-2G-P-3439-广南县猴子箐6220_B^5326ZTCS1PSW453WAFCEZY4C^^0^2021-12-27 06:03:55^SYSTEM_NEW^2021-12-17 14:27:57^SYSTEM_NEW^2021-12-27 06:03:55^4849821920^^
^PW-全业务-W-3223-麻栗坡县黄家坪6220^234076170^-1932424949^^^^^^234085112^-648767541^4808451228^^1^^9^121^^^0^0^53935988^^^^^PW-全业务-W-3223-麻栗坡县黄家坪6220^5326ZTCS1ETP20D8AM^^^^^^^^^^PW-全业务-W-3223-麻栗坡县黄家坪6220^5326ZTCS1PSW453WAFCEZYKC^^0^2021-12-27 06:02:30^SYSTEM_NEW^2021-12-17 14:27:57^SYSTEM_NEW^2021-12-27 06:02:30^4849821921^^
^PW-全业务-W-7813-文山市教育局1 6300_Q^-407415417^303186734^^^^^^-376796739^-1582466179^4808465428^^1^^9^118^^^0^0^53935988^^^2079^2079^PW-全业务-W-7813-文山市教育局1 6300_Q^5326ZTCS1ESP0193116751PFF^^^^^^^^^^PW-全业务-W-7813-文山市教育局1 6300_Q^5326ZTCS1PSW453WAFCF00I0^^0^2021-12-27 06:03:42^SYSTEM_NEW^2021-12-17 14:27:57^SYSTEM_NEW^2021-12-27 06:03:42^4849821923^^
^PW-2G -W-2051-广南县角锁6200^54026421^-1932424949^^^^^^54953741^-648765655^4821234233^^1^^9^120^^^0^0^53935988^^^^^PW-2G -W-2051-广南县角锁6200^5326ZTCS1ETP19RI39^^^^^^^^^^PW-2G -W-2051-广南县角锁6200^5326ZTCS1PSW453WAFCEZYGI^^0^2021-12-27 06:03:35^SYSTEM_NEW^2021-12-17 14:27:57^SYSTEM_NEW^2021-12-27 06:03:35^4849821924^^
^PW-全业务-P-2387-广南县红岩6220^125422075^-1932424929^^^^^^0^0^4821234411^^1^^9^120^^^0^0^53935988^^^^^PW-全业务-P-2387-广南县红岩6220^5326ZTCS1ETP1H4AW7^^^^^^^^^^PW-全业务-P-2387-广南县红岩6220^5326ZTCS1PSW453WAFCEZZDL^^0^2021-12-27 06:03:38^SYSTEM_NEW^2021-12-17 14:27:57^SYSTEM_NEW^2021-12-27 06:03:38^4849821925^^
^PW-全业务-P-7836-文山市狮子山廉租小区6150_B^-351414855^54017340^^^^^^-351399362^-1418706730^4808447833^^1^^9^118^^^0^0^53935988^^^1808^1808^PW-全业务-P-7836-文山市狮子山廉租小区6150_B^5326ZTCS1ESP15501554766EDVKG^^^^^^^^^^PW-全业务-P-7836-文山市狮子山廉租小区6150_B^5326ZTCS1PSW453WAFCF00WK^^0^2021-12-27 06:03:36^SYSTEM_NEW^2021-12-17 14:27:57^SYSTEM_NEW^2021-12-27 06:03:36^4849821926^^
^PW-全业务-P-4283-麻栗坡县大坝6220_B^-1953067101^-1932424929^^^^^^0^0^4808449435^^1^^9^121^^^0^0^53935988^^^^^PW-全业务-P-4283-麻栗坡县大坝6220_B^5326ZTCS1ETP2NICND^^^^^^^^^^PW-全业务-P-4283-麻栗坡县大坝6220_B^5326ZTCS1PSW453WAFCEZXXM^^0^2021-12-27 06:03:49^SYSTEM_NEW^2021-12-17 14:27:57^SYSTEM_NEW^2021-12-27 06:03:49^4849821927^^
^PW-全业务-P-2864-麻栗坡县犀牛堡6220^147838553^-1932424929^^^^^^0^0^4808455058^^1^^9^121^^^0^0^53935988^^^^^PW-全业务-P-2864-麻栗坡县犀牛堡6220^5326ZTCS1ETP1RIUA1^^^^^^^^^^PW-全业务-P-2864-麻栗坡县犀牛堡6220^5326ZTCS1PSW453WAFCEZXVU^^0^2021-12-27 06:03:53^SYSTEM_NEW^2021-12-17 14:27:57^SYSTEM_NEW^2021-12-27 06:03:53^4849821928^^
^PW-2G -W-2612-砚山县科洒6220^145808671^-1932424949^^^^^^146543572^-1929293398^4849823333^^1^^9^125^^^0^0^53935988^^^^^PW-2G -W-2612-砚山县科洒6220^5326ZTCS1ETP1M19GC^^^^^^^^^^PW-2G -W-2612-砚山县科洒6220^5326ZTCS1PSW453WAFCEZZ6T^^0^2021-12-27 06:03:37^SYSTEM_NEW^2021-12-17 14:27:57^SYSTEM_NEW^2021-12-27 06:03:37^4849821929^^
^PW-2G-P-1117-广南县曙光董角6200_B^53982054^-1932424929^^^^^^0^0^4821234476^^1^^9^120^^^0^0^53935988^^^^^PW-2G-P-1117-广南县曙光董角6200_B^5326ZTCS1ETPODO3P^^^^^^^^^^PW-2G-P-1117-广南县曙光董角6200_B^5326ZTCS1PSW453WAFCEZY5W^^0^2021-12-27 06:03:40^SYSTEM_NEW^2021-12-17 14:27:58^SYSTEM_NEW^2021-12-27 06:03:40^4849821930^^
^DNI:PW-4382-文山州移动大楼2G3G落地3(7F) 6500_HX_4383-文山州移动大楼2G3G落地4(7F) 6500_HX-190302^-1932424949^-1932424929^^^^^^0^0^4840798307^^1^^9^118^^^0^0^53935988^^^^^DNI:PW-4382-文山州移动大楼2G3G落地3(7F) 6500_HX_4383-文山州移动大楼2G3G落地4(7F) 6500_HX-190302^5326ZTCS1ETP2POB36^^^^^^^^^^DNI:PW-4382-文山州移动大楼2G3G落地3(7F) 6500_HX_4383-文山州移动大楼2G3G落地4(7F) 6500_HX-190302^5326ZTCS1PSW453WAFCEZYOJ^^0^2021-12-27 06:03:25^SYSTEM_NEW^2021-12-17 14:27:58^SYSTEM_NEW^2021-12-27 06:03:25^4849821931^^
^PW-全业务-P-1764-西畴县蚌谷龙庄6200^54019653^-1884868691^^^^^^58214479^4418710074^4808470714^^1^^9^124^^^0^0^53935988^^^944^944^PW-全业务-P-1764-西畴县蚌谷龙庄6200^5326ZTCS1ESP1645167588PAN^^^^^^^^^^PW-全业务-P-1764-西畴县蚌谷龙庄6200^5326ZTCS1PSW453WAFCEZZLM^^0^2021-12-27 06:02:28^SYSTEM_NEW^2021-12-17 14:27:53^SYSTEM_NEW^2021-12-27 06:02:28^4849821898^^
^PW-2G-P-3751-麻栗坡县普追6220_B^1514436949^-1932424929^^^^^^0^0^4808470432^^1^^9^121^^^0^0^53935988^^^^^PW-2G-P-3751-麻栗坡县普追6220_B^5326ZTCS1ETP2BVQYB^^^^^^^^^^PW-2G-P-3751-麻栗坡县普追6220_B^5326ZTCS1PSW453WAFCEZYN2^^0^2021-12-27 06:03:21^SYSTEM_NEW^2021-12-17 14:27:53^SYSTEM_NEW^2021-12-27 06:03:21^4849821899^^
^PW-全业务-P-558-麻栗坡县铁厂龙凤6200^53976862^-1932424929^^^^^^0^0^4821234370^^1^^9^121^^^0^0^53935988^^^^^PW-全业务-P-558-麻栗坡县铁厂龙凤6200^5326ZTCS1ETPC6G61^^^^^^^^^^PW-全业务-P-558-麻栗坡县铁厂龙凤6200^5326ZTCS1PSW453WAFCEZYI6^^0^2021-12-27 06:03:17^SYSTEM_NEW^2021-12-17 14:27:53^SYSTEM_NEW^2021-12-27 06:03:17^4849821900^^
^PW-2G-P-534-麻栗坡县铁厂长冲6200_B^53967375^-1932424929^^^^^^0^0^4821234403^^1^^9^121^^^0^0^53935988^^^^^PW-2G-P-534-麻栗坡县铁厂长冲6200_B^5326ZTCS1ETPBN46J^^^^^^^^^^PW-2G-P-534-麻栗坡县铁厂长冲6200_B^5326ZTCS1PSW453WAFCEZY1T^^0^2021-12-27 06:03:16^SYSTEM_NEW^2021-12-17 14:27:53^SYSTEM_NEW^2021-12-27 06:03:16^4849821901^^
^PW-全业务-P-2439-西畴县董马竹林湾6220^142921651^-1932424929^^^^^^0^0^4821234215^^1^^9^124^^^0^0^53935988^^^^^PW-全业务-P-2439-西畴县董马竹林湾6220^5326ZTCS1ETP1I91R7^^^^^^^^^^PW-全业务-P-2439-西畴县董马竹林湾6220^5326ZTCS1PSW453WAFCEZY3Q^^0^2021-12-27 06:04:12^SYSTEM_NEW^2021-12-17 14:27:54^SYSTEM_NEW^2021-12-27 06:04:12^4849821902^^
^DNI:PW-4382-文山州移动大楼2G3G落地3(7F) 6500_HX_4383-文山州移动大楼2G3G落地4(7F) 6500_HX-190060^-1932424949^-1932424929^^^^^^0^0^4840798307^^1^^9^118^^^0^0^53935988^^^^^DNI:PW-4382-文山州移动大楼2G3G落地3(7F) 6500_HX_4383-文山州移动大楼2G3G落地4(7F) 6500_HX-190060^5326ZTCS1ETP2PO5EJ^^^^^^^^^^DNI:PW-4382-文山州移动大楼2G3G落地3(7F) 6500_HX_4383-文山州移动大楼2G3G落地4(7F) 6500_HX-190060^5326ZTCS1PSW453WAFCEZYAO^^0^2021-12-27 06:03:32^SYSTEM_NEW^2021-12-17 14:27:54^SYSTEM_NEW^2021-12-27 06:03:32^4849821903^^
^PW-全业务-W-4419-丘北县老炮台6500_HX^-1928089560^-1570262292^^^^^^2462990093^-1569844818^4849823375^^1^^9^123^^^0^0^53935988^^^^^PW-全业务-W-4419-丘北县老炮台6500_HX^5326ZTCS1ESP1144645493PA8^^^^^^^^^^PW-全业务-W-4419-丘北县老炮台6500_HX^5326ZTCS1PSW453WAFCEZZC8^^0^2021-12-27 06:03:47^SYSTEM_NEW^2021-12-17 14:27:54^SYSTEM_NEW^2021-12-27 06:03:47^4849821904^^
^PW-全业务-W-2962-麻栗坡县小新寨6220_B^147841290^-1932424949^^^^^^148199959^-648765655^4821234384^^1^^9^121^^^0^0^53935988^^^^^PW-全业务-W-2962-麻栗坡县小新寨6220_B^5326ZTCS1ETP1TNQSU^^^^^^^^^^PW-全业务-W-2962-麻栗坡县小新寨6220_B^5326ZTCS1PSW453WAFCEZY0U^^0^2021-12-27 06:03:47^SYSTEM_NEW^2021-12-17 14:27:54^SYSTEM_NEW^2021-12-27 06:03:47^4849821905^^
^DNI:PW-4382-文山州移动大楼2G3G落地3(7F) 6500_HX_4383-文山州移动大楼2G3G落地4(7F) 6500_HX-189920^-1932424949^-1932424929^^^^^^0^0^4840798307^^1^^9^118^^^0^0^53935988^^^^^DNI:PW-4382-文山州移动大楼2G3G落地3(7F) 6500_HX_4383-文山州移动大楼2G3G落地4(7F) 6500_HX-189920^5326ZTCS1ETP2PO4DN^^^^^^^^^^DNI:PW-4382-文山州移动大楼2G3G落地3(7F) 6500_HX_4383-文山州移动大楼2G3G落地4(7F) 6500_HX-189920^5326ZTCS1PSW453WAFCEZY2I^^0^2021-12-27 06:03:50^SYSTEM_NEW^2021-12-17 14:27:54^SYSTEM_NEW^2021-12-27 06:03:50^4849821906^^
^PW-全业务-P-2786-广南县大坪6220_B^145986939^-1932424929^^^^^^0^0^4808453648^^1^^9^120^^^0^0^53935988^^^^^PW-全业务-P-2786-广南县大坪6220_B^5326ZTCS1ETP1PT8V1^^^^^^^^^^PW-全业务-P-2786-广南县大坪6220_B^5326ZTCS1PSW453WAFCEZZ81^^0^2021-12-27 06:03:47^SYSTEM_NEW^2021-12-17 14:27:54^SYSTEM_NEW^2021-12-27 06:03:47^4849821907^^
^DNI:PW-4382-文山州移动大楼2G3G落地3(7F) 6500_HX_4383-文山州移动大楼2G3G落地4(7F) 6500_HX-190214^-1932424949^-1932424929^^^^^^0^0^4840798307^^1^^9^118^^^0^0^53935988^^^^^DNI:PW-4382-文山州移动大楼2G3G落地3(7F) 6500_HX_4383-文山州移动大楼2G3G落地4(7F) 6500_HX-190214^5326ZTCS1ETP2PO9AR^^^^^^^^^^DNI:PW-4382-文山州移动大楼2G3G落地3(7F) 6500_HX_4383-文山州移动大楼2G3G落地4(7F) 6500_HX-190214^5326ZTCS1PSW453WAFCEZYJK^^0^2021-12-27 06:03:15^SYSTEM_NEW^2021-12-17 14:28:00^SYSTEM_NEW^2021-12-27 06:03:15^4849821945^^
^DNI:PW-4382-文山州移动大楼2G3G落地3(7F) 6500_HX_4383-文山州移动大楼2G3G落地4(7F) 6500_HX-189952^-1932424949^-1932424929^^^^^^0^0^4840798307^^1^^9^118^^^0^0^53935988^^^^^DNI:PW-4382-文山州移动大楼2G3G落地3(7F) 6500_HX_4383-文山州移动大楼2G3G落地4(7F) 6500_HX-189952^5326ZTCS1ETP2PO4LF^^^^^^^^^^DNI:PW-4382-文山州移动大楼2G3G落地3(7F) 6500_HX_4383-文山州移动大楼2G3G落地4(7F) 6500_HX-189952^5326ZTCS1PSW453WAFCEZY4D^^0^2021-12-27 06:03:47^SYSTEM_NEW^2021-12-17 14:28:00^SYSTEM_NEW^2021-12-27 06:03:47^4849821946^^
^DNI:PW-4382-文山州移动大楼2G3G落地3(7F) 6500_HX_4383-文山州移动大楼2G3G落地4(7F) 6500_HX-190045^-1932424949^-1932424929^^^^^^0^0^4840798307^^1^^9^118^^^0^0^53935988^^^^^DNI:PW-4382-文山州移动大楼2G3G落地3(7F) 6500_HX_4383-文山州移动大楼2G3G落地4(7F) 6500_HX-190045^5326ZTCS1ETP2PO5AV^^^^^^^^^^DNI:PW-4382-文山州移动大楼2G3G落地3(7F) 6500_HX_4383-文山州移动大楼2G3G落地4(7F) 6500_HX-190045^5326ZTCS1PSW453WAFCEZY9R^^0^2021-12-27 06:02:35^SYSTEM_NEW^2021-12-17 14:28:00^SYSTEM_NEW^2021-12-27 06:02:35^4849821951^^
^DNI:PW-4382-文山州移动大楼2G3G落地3(7F) 6500_HX_4383-文山州移动大楼2G3G落地4(7F) 6500_HX-190217^-1932424949^-1932424929^^^^^^0^0^4840798307^^1^^9^118^^^0^0^53935988^^^^^DNI:PW-4382-文山州移动大楼2G3G落地3(7F) 6500_HX_4383-文山州移动大楼2G3G落地4(7F) 6500_HX-190217^5326ZTCS1ETP2PO9C5^^^^^^^^^^DNI:PW-4382-文山州移动大楼2G3G落地3(7F) 6500_HX_4383-文山州移动大楼2G3G落地4(7F) 6500_HX-190217^5326ZTCS1PSW453WAFCEZYJR^^0^2021-12-27 06:03:45^SYSTEM_NEW^2021-12-17 14:28:00^SYSTEM_NEW^2021-12-27 06:03:45^4849821952^^
^PW-全业务-P-6162-麻栗坡县铁厂董渡村委会铳八6150_B^-1592846964^-1932424929^^^^^^0^0^4830652445^^1^^9^121^^^0^0^53935988^^^^^PW-全业务-P-6162-麻栗坡县铁厂董渡村委会铳八6150_B^5326ZTCS1ETP3TJEQ6^^^^^^^^^^PW-全业务-P-6162-麻栗坡县铁厂董渡村委会铳八6150_B^5326ZTCS1PSW453WAFCEZYOM^^0^2021-12-27 06:03:49^SYSTEM_NEW^2021-12-17 14:28:01^SYSTEM_NEW^2021-12-27 06:03:49^4849821953^^
^DNI:PW-4382-文山州移动大楼2G3G落地3(7F) 6500_HX_4383-文山州移动大楼2G3G落地4(7F) 6500_HX-190128^-1932424949^-1932424929^^^^^^0^0^4840798307^^1^^9^118^^^0^0^53935988^^^^^DNI:PW-4382-文山州移动大楼2G3G落地3(7F) 6500_HX_4383-文山州移动大楼2G3G落地4(7F) 6500_HX-190128^5326ZTCS1ETP2PO61X^^^^^^^^^^DNI:PW-4382-文山州移动大楼2G3G落地3(7F) 6500_HX_4383-文山州移动大楼2G3G落地4(7F) 6500_HX-190128^5326ZTCS1PSW453WAFCEZYEQ^^0^2021-12-27 06:03:38^SYSTEM_NEW^2021-12-17 14:27:59^SYSTEM_NEW^2021-12-27 06:03:38^4849821939^^
^PW-全业务-W-7057-麻栗坡县下金厂边防派出所6110_Q^-1399249025^53980884^^^^^^-1398168636^57328260^4849823391^^1^^9^121^^^0^0^53935988^^^^^PW-全业务-W-7057-麻栗坡县下金厂边防派出所6110_Q^5326ZTCS1ESP0525128259PAC^^^^^^^^^^PW-全业务-W-7057-麻栗坡县下金厂边防派出所6110_Q^5326ZTCS1PSW453WAFCF00FE^^0^2021-12-27 06:03:23^SYSTEM_NEW^2021-12-17 14:27:59^SYSTEM_NEW^2021-12-27 06:03:23^4849821940^^
^DNI:PW-4382-文山州移动大楼2G3G落地3(7F) 6500_HX_4383-文山州移动大楼2G3G落地4(7F) 6500_HX-189877^-1932424949^-1932424929^^^^^^0^0^4840798307^^1^^9^118^^^0^0^53935988^^^^^DNI:PW-4382-文山州移动大楼2G3G落地3(7F) 6500_HX_4383-文山州移动大楼2G3G落地4(7F) 6500_HX-189877^5326ZTCS1ETP2PO42G^^^^^^^^^^DNI:PW-4382-文山州移动大楼2G3G落地3(7F) 6500_HX_4383-文山州移动大楼2G3G落地4(7F) 6500_HX-189877^5326ZTCS1PSW453WAFCEZY02^^0^2021-12-27 06:03:43^SYSTEM_NEW^2021-12-17 14:27:59^SYSTEM_NEW^2021-12-27 06:03:43^4849821941^^
^DNI:PW-4382-文山州移动大楼2G3G落地3(7F) 6500_HX_4383-文山州移动大楼2G3G落地4(7F) 6500_HX-190739^-1932424949^-1932424929^^^^^^0^0^4840798307^^1^^9^118^^^0^0^53935988^^^^^DNI:PW-4382-文山州移动大楼2G3G落地3(7F) 6500_HX_4383-文山州移动大楼2G3G落地4(7F) 6500_HX-190739^5326ZTCS1ETP2POE6A^^^^^^^^^^DNI:PW-4382-文山州移动大楼2G3G落地3(7F) 6500_HX_4383-文山州移动大楼2G3G落地4(7F) 6500_HX-190739^5326ZTCS1PSW453WAFCEZZCJ^^0^2021-12-27 06:04:18^SYSTEM_NEW^2021-12-17 14:27:59^SYSTEM_NEW^2021-12-27 06:04:18^4849821942^^
^PW-全业务-P-2812-麻栗坡县董定6220^147838283^-1932424929^^^^^^0^0^4821234490^^1^^9^121^^^0^0^53935988^^^^^PW-全业务-P-2812-麻栗坡县董定6220^5326ZTCS1ETP1QE4BD^^^^^^^^^^PW-全业务-P-2812-麻栗坡县董定6220^5326ZTCS1PSW453WAFCEZY9A^^0^2021-12-27 06:03:23^SYSTEM_NEW^2021-12-17 14:27:59^SYSTEM_NEW^2021-12-27 06:03:23^4849821943^^
^PW-全业务-W-2951-麻栗坡县铁厂芭茅地6220^147839554^-1932424949^^^^^^148224163^-648767541^4821234330^^1^^9^121^^^0^0^53935988^^^^^PW-全业务-W-2951-麻栗坡县铁厂芭茅地6220^5326ZTCS1ETP1TFCFR^^^^^^^^^^PW-全业务-W-2951-麻栗坡县铁厂芭茅地6220^5326ZTCS1PSW453WAFCEZYDM^^0^2021-12-27 06:03:29^SYSTEM_NEW^2021-12-17 14:28:00^SYSTEM_NEW^2021-12-27 06:03:29^4849821944^^
^PW-全业务-W-4399-广南县五珠九克村委会6150^-1932424943^-1529341254^^^^^^-1929294253^4588299327^4808471574^^1^^9^120^^^0^0^53935988^^^243^243^PW-全业务-W-4399-广南县五珠九克村委会6150^5326ZTCS1ESP01909134444PBJLF^^^^^^^^^^PW-全业务-W-4399-广南县五珠九克村委会6150^5326ZTCS1PSW453WAFCEZZE5^^0^2021-12-27 06:03:11^SYSTEM_NEW^2021-12-17 14:28:00^SYSTEM_NEW^2021-12-27 06:03:11^4849821947^^
^PW-全业务-W-7813-文山市教育局1 6300_Q^-407415417^53998491^^^^^^-376796739^57972101^4849823393^^1^^9^118^^^0^0^53935988^^^3161^3161^PW-全业务-W-7813-文山市教育局1 6300_Q^5326ZTCS1ESP0193116751PF2^^^^^^^^^^PW-全业务-W-7813-文山市教育局1 6300_Q^5326ZTCS1PSW453WAFCEZZF9^^0^2021-12-27 06:03:46^SYSTEM_NEW^2021-12-17 14:28:00^SYSTEM_NEW^2021-12-27 06:03:46^4849821948^^
^DNI:PW-4382-文山州移动大楼2G3G落地3(7F) 6500_HX_4383-文山州移动大楼2G3G落地4(7F) 6500_HX-190027^-1932424949^-1932424929^^^^^^0^0^4840798307^^1^^9^118^^^0^0^53935988^^^^^DNI:PW-4382-文山州移动大楼2G3G落地3(7F) 6500_HX_4383-文山州移动大楼2G3G落地4(7F) 6500_HX-190027^5326ZTCS1ETP2PO56J^^^^^^^^^^DNI:PW-4382-文山州移动大楼2G3G落地3(7F) 6500_HX_4383-文山州移动大楼2G3G落地4(7F) 6500_HX-190027^5326ZTCS1PSW453WAFCEZY8R^^0^2021-12-27 06:03:11^SYSTEM_NEW^2021-12-17 14:28:00^SYSTEM_NEW^2021-12-27 06:03:11^4849821949^^
^DNI:PW-4382-文山州移动大楼2G3G落地3(7F) 6500_HX_4383-文山州移动大楼2G3G落地4(7F) 6500_HX-190204^-1932424949^-1932424929^^^^^^0^0^4840798307^^1^^9^118^^^0^0^53935988^^^^^DNI:PW-4382-文山州移动大楼2G3G落地3(7F) 6500_HX_4383-文山州移动大楼2G3G落地4(7F) 6500_HX-190204^5326ZTCS1ETP2PO91E^^^^^^^^^^DNI:PW-4382-文山州移动大楼2G3G落地3(7F) 6500_HX_4383-文山州移动大楼2G3G落地4(7F) 6500_HX-190204^5326ZTCS1PSW453WAFCEZYJ3^^0^2021-12-27 06:03:21^SYSTEM_NEW^2021-12-17 14:28:00^SYSTEM_NEW^2021-12-27 06:03:21^4849821950^^
^PW-G网基站业务-2668-鹤庆波南河村-447-鹤庆花树村（对接）^54017130^1172161703^^^^^^54735477^2465251001^4854331881^^1^^5^65^^^0^0^53935982^^^^^PW-G网基站业务-2668-鹤庆波南河村-447-鹤庆花树村（对接）^5329ZTCS1ETP1N92EG^^^^^^^^^^PW-G网基站业务-2668-鹤庆波南河村-447-鹤庆花树村（对接）^5329ZTCS1PSW4506RW4O0ESN^^0^2021-12-29 00:28:26^SYSTEM_NEW^2021-12-18 22:37:12^SYSTEM_NEW^2021-12-29 00:28:26^4854304458^^
^DNI:PW-5057-大理市新桥北（4F）2G落地3-主_HX_5053-大理市新桥北（4F）2G落地4-备_HX-221838^1172161703^1129630208^^^^^^0^0^4854345767^^1^^5^62^^^0^0^53935982^^^^^DNI:PW-5057-大理市新桥北（4F）2G落地3-主_HX_5053-大理市新桥北（4F）2G落地4-备_HX-221838^5329ZTCS1ETP35IT22^^^^^^^^^^DNI:PW-5057-大理市新桥北（4F）2G落地3-主_HX_5053-大理市新桥北（4F）2G落地4-备_HX-221838^5329ZTCS1PSW4506RW4O0ESW^^0^2021-12-29 00:28:26^SYSTEM_NEW^2021-12-18 22:37:12^SYSTEM_NEW^2021-12-29 00:28:26^4854304459^^
^PW-W-4039-鹤庆县松桂镇大营村^214594060^1172161703^^^^^^214724685^2465251001^4854331567^^1^^5^65^^^0^0^53935982^^^^^PW-W-4039-鹤庆县松桂镇大营村^5329ZTCS1ETP2I6UUV^^^^^^^^^^PW-W-4039-鹤庆县松桂镇大营村^5329ZTCS1PSW4506RW4O0ET7^^0^2021-12-29 00:28:26^SYSTEM_NEW^2021-12-18 22:37:12^SYSTEM_NEW^2021-12-29 00:28:26^4854304460^^
^PW-W-3653-鹤庆县龙珠村^145495874^1172161703^^^^^^145738832^2465251199^4854337554^^1^^5^65^^^0^0^53935982^^^^^PW-W-3653-鹤庆县龙珠村^5329ZTCS1ETP29QUMS^^^^^^^^^^PW-W-3653-鹤庆县龙珠村^5329ZTCS1PSW4506RW4O0F2K^^0^2021-12-29 00:28:26^SYSTEM_NEW^2021-12-18 22:37:12^SYSTEM_NEW^2021-12-29 00:28:26^4854304461^^
^PW-W-5861-鹤庆县南庄^-1928429009^1172161703^^^^^^-1927690143^2465251199^4854331075^^1^^5^65^^^0^0^53935982^^^^^PW-W-5861-鹤庆县南庄^5329ZTCS1ETP3MYD6T^^^^^^^^^^PW-W-5861-鹤庆县南庄^5329ZTCS1PSW4506RW4O0F47^^0^2021-12-29 00:28:26^SYSTEM_NEW^2021-12-18 22:37:12^SYSTEM_NEW^2021-12-29 00:28:26^4854304462^^
^PW -P-6989-鹤庆县松桂镇三庄道班_B^-1775812135^1129630208^^^^^^0^0^4854332282^^1^^5^65^^^0^0^53935982^^^^^PW -P-6989-鹤庆县松桂镇三庄道班_B^5329ZTCS1ETP4CLGGY^^^^^^^^^^PW -P-6989-鹤庆县松桂镇三庄道班_B^5329ZTCS1PSW4506RW4O0F55^^0^2021-12-29 00:28:26^SYSTEM_NEW^2021-12-18 22:37:12^SYSTEM_NEW^2021-12-29 00:28:26^4854304463^^
^DNI:PW-2567-大理市新桥北（4F）6500-2-L2/L3主1_HX_3875-大理市满江第二生产楼（3F）6500-2-L2/L3备1_HX-222130^54018638^146612575^^^^^^-487829264^-487789318^4854316068^^1^^5^62^^^0^0^53935982^^^196^196^DNI:PW-2567-大理市新桥北（4F）6500-2-L2/L3主1_HX_3875-大理市满江第二生产楼（3F）6500-2-L2/L3备1_HX-222130^5329ZTCS1ESP01828449284NHIV8^^^^^^^^^^DNI:PW-2567-大理市新桥北（4F）6500-2-L2/L3主1_HX_3875-大理市满江第二生产楼（3F）6500-2-L2/L3备1_HX-222130^5329ZTCS1PSW4506RW4O0FAE^^0^2021-12-29 00:28:26^SYSTEM_NEW^2021-12-18 22:37:12^SYSTEM_NEW^2021-12-29 00:28:26^4854304464^^
^PW-W-3027-大理古城区海东金海湾LTE^121369393^54018638^^^^^^122574122^-487829264^4854312911^^1^^5^147^^^0^0^53935982^^^207^207^PW-W-3027-大理古城区海东金海湾LTE^5329ZTCS1ESP1712896963PB7^^^^^^^^^^PW-W-3027-大理古城区海东金海湾LTE^5329ZTCS1PSW4506RW4O0FBC^^0^2021-12-29 00:28:29^SYSTEM_NEW^2021-12-18 22:37:12^SYSTEM_NEW^2021-12-29 00:28:29^4854304465^^
^DNI:PW-4382-文山州移动大楼2G3G落地3(7F) 6500_HX_4383-文山州移动大楼2G3G落地4(7F) 6500_HX-190497^-1932424949^-1932424929^^^^^^0^0^4840798545^^1^^9^118^^^0^0^53935988^^^^^DNI:PW-4382-文山州移动大楼2G3G落地3(7F) 6500_HX_4383-文山州移动大楼2G3G落地4(7F) 6500_HX-190497^5326ZTCS1ETP2POCQ8^^^^^^^^^^DNI:PW-4382-文山州移动大楼2G3G落地3(7F) 6500_HX_4383-文山州移动大楼2G3G落地4(7F) 6500_HX-190497^5326ZTCS1PSW453WAFCEZYZB^^0^2021-12-27 06:03:43^SYSTEM_NEW^2021-12-17 14:28:01^SYSTEM_NEW^2021-12-27 06:03:43^4849821954^^
^PW-2G-P-4379-麻栗坡县太和6220_B^-1932424939^-1932424929^^^^^^0^0^4808453086^^1^^9^121^^^0^0^53935988^^^^^PW-2G-P-4379-麻栗坡县太和6220_B^5326ZTCS1ETP2PLPKM^^^^^^^^^^PW-2G-P-4379-麻栗坡县太和6220_B^5326ZTCS1PSW453WAFCEZYRI^^0^2021-12-27 06:03:42^SYSTEM_NEW^2021-12-17 14:28:01^SYSTEM_NEW^2021-12-27 06:03:42^4849821955^^
^PW-2G-P-7334-砚山县蚌蛾扩展6200^-1162322111^-1932424929^^^^^^0^0^4808450403^^1^^9^125^^^0^0^53935988^^^^^PW-2G-P-7334-砚山县蚌蛾扩展6200^5326ZTCS1ETP4K553K^^^^^^^^^^PW-2G-P-7334-砚山县蚌蛾扩展6200^5326ZTCS1PSW453WAFCEZZBX^^0^2021-12-27 06:03:29^SYSTEM_NEW^2021-12-17 14:28:01^SYSTEM_NEW^2021-12-27 06:03:29^4849821958^^
^DNI:PW-4382-文山州移动大楼2G3G落地3(7F) 6500_HX_4383-文山州移动大楼2G3G落地4(7F) 6500_HX-190729^-1932424949^-1932424929^^^^^^0^0^4840798307^^1^^9^118^^^0^0^53935988^^^^^DNI:PW-4382-文山州移动大楼2G3G落地3(7F) 6500_HX_4383-文山州移动大楼2G3G落地4(7F) 6500_HX-190729^5326ZTCS1ETP2POE4W^^^^^^^^^^DNI:PW-4382-文山州移动大楼2G3G落地3(7F) 6500_HX_4383-文山州移动大楼2G3G落地4(7F) 6500_HX-190729^5326ZTCS1PSW453WAFCEZZBY^^0^2021-12-27 06:03:42^SYSTEM_NEW^2021-12-17 14:28:01^SYSTEM_NEW^2021-12-27 06:03:42^4849821956^^
^PW-2G -W-3240-麻栗坡县铁厂普峰6220_B^234817093^-1932424949^^^^^^235346038^-648767541^4821234428^^1^^9^121^^^0^0^53935988^^^^^PW-2G -W-3240-麻栗坡县铁厂普峰6220_B^5326ZTCS1ETP20Q82N^^^^^^^^^^PW-2G -W-3240-麻栗坡县铁厂普峰6220_B^5326ZTCS1PSW453WAFCEZYM4^^0^2021-12-27 06:03:12^SYSTEM_NEW^2021-12-17 14:28:01^SYSTEM_NEW^2021-12-27 06:03:12^4849821957^^
^DNI:PW-4382-文山州移动大楼2G3G落地3(7F) 6500_HX_4383-文山州移动大楼2G3G落地4(7F) 6500_HX-190385^-1932424949^-1932424929^^^^^^0^0^4840798545^^1^^9^118^^^0^0^53935988^^^^^DNI:PW-4382-文山州移动大楼2G3G落地3(7F) 6500_HX_4383-文山州移动大楼2G3G落地4(7F) 6500_HX-190385^5326ZTCS1ETP2POBT0^^^^^^^^^^DNI:PW-4382-文山州移动大楼2G3G落地3(7F) 6500_HX_4383-文山州移动大楼2G3G落地4(7F) 6500_HX-190385^5326ZTCS1PSW453WAFCEZYUE^^0^2021-12-27 06:03:52^SYSTEM_NEW^2021-12-17 14:28:02^SYSTEM_NEW^2021-12-27 06:03:52^4849821971^^
^DNI:PW-4382-文山州移动大楼2G3G落地3(7F) 6500_HX_4383-文山州移动大楼2G3G落地4(7F) 6500_HX-190629^-1932424949^-1932424929^^^^^^0^0^4840798307^^1^^9^118^^^0^0^53935988^^^^^DNI:PW-4382-文山州移动大楼2G3G落地3(7F) 6500_HX_4383-文山州移动大楼2G3G落地4(7F) 6500_HX-190629^5326ZTCS1ETP2PODH2^^^^^^^^^^DNI:PW-4382-文山州移动大楼2G3G落地3(7F) 6500_HX_4383-文山州移动大楼2G3G落地4(7F) 6500_HX-190629^5326ZTCS1PSW453WAFCEZZ63^^0^2021-12-27 06:03:54^SYSTEM_NEW^2021-12-17 14:28:02^SYSTEM_NEW^2021-12-27 06:03:54^4849821970^^
^PW-全业务-W-531-麻栗坡县者阴山6200_B^53966631^-1932424949^^^^^^56449685^-1828967790^4821234251^^1^^9^121^^^0^0^53935988^^^^^PW-全业务-W-531-麻栗坡县者阴山6200_B^5326ZTCS1ETPBKSXR^^^^^^^^^^PW-全业务-W-531-麻栗坡县者阴山6200_B^5326ZTCS1PSW453WAFCEZYH7^^0^2021-12-27 06:03:20^SYSTEM_NEW^2021-12-17 14:28:01^SYSTEM_NEW^2021-12-27 06:03:20^4849821965^^
^PW-全业务-W-3040-广南县黑支果龙潭6220^214588159^-1932424949^^^^^^220965662^4838247181^4821234241^^1^^9^120^^^0^0^53935988^^^^^PW-全业务-W-3040-广南县黑支果龙潭6220^5326ZTCS1ETP1VDD61^^^^^^^^^^PW-全业务-W-3040-广南县黑支果龙潭6220^5326ZTCS1PSW453WAFCEZZDY^^0^2021-12-27 06:03:38^SYSTEM_NEW^2021-12-17 14:28:01^SYSTEM_NEW^2021-12-27 06:03:38^4849821966^^
^DNI:PW-4382-文山州移动大楼2G3G落地3(7F) 6500_HX_4383-文山州移动大楼2G3G落地4(7F) 6500_HX-190178^-1932424949^-1932424929^^^^^^0^0^4840798307^^1^^9^118^^^0^0^53935988^^^^^DNI:PW-4382-文山州移动大楼2G3G落地3(7F) 6500_HX_4383-文山州移动大楼2G3G落地4(7F) 6500_HX-190178^5326ZTCS1ETP2PO7SF^^^^^^^^^^DNI:PW-4382-文山州移动大楼2G3G落地3(7F) 6500_HX_4383-文山州移动大楼2G3G落地4(7F) 6500_HX-190178^5326ZTCS1PSW453WAFCEZYHL^^0^2021-12-27 06:03:49^SYSTEM_NEW^2021-12-17 14:28:02^SYSTEM_NEW^2021-12-27 06:03:49^4849821967^^
^DNI:PW-4382-文山州移动大楼2G3G落地3(7F) 6500_HX_4383-文山州移动大楼2G3G落地4(7F) 6500_HX-190189^-1932424949^-1932424929^^^^^^0^0^4840798545^^1^^9^118^^^0^0^53935988^^^^^DNI:PW-4382-文山州移动大楼2G3G落地3(7F) 6500_HX_4383-文山州移动大楼2G3G落地4(7F) 6500_HX-190189^5326ZTCS1ETP2PO83H^^^^^^^^^^DNI:PW-4382-文山州移动大楼2G3G落地3(7F) 6500_HX_4383-文山州移动大楼2G3G落地4(7F) 6500_HX-190189^5326ZTCS1PSW453WAFCEZYI7^^0^2021-12-27 06:03:47^SYSTEM_NEW^2021-12-17 14:28:02^SYSTEM_NEW^2021-12-27 06:03:47^4849821968^^
^PW-2G-P-3002-砚山县蚌峨六掌6220_B^147841289^-1932424929^^^^^^0^0^4840798350^^1^^9^125^^^0^0^53935988^^^^^PW-2G-P-3002-砚山县蚌峨六掌6220_B^5326ZTCS1ETP1UJBPP^^^^^^^^^^PW-2G-P-3002-砚山县蚌峨六掌6220_B^5326ZTCS1PSW453WAFCEZZ18^^0^2021-12-27 06:03:39^SYSTEM_NEW^2021-12-17 14:28:01^SYSTEM_NEW^2021-12-27 06:03:39^4849821959^^
^PW-全业务-P-5382-广南县黑支果鼠街6150^-1801919234^-1932424929^^^^^^0^0^4821234280^^1^^9^120^^^0^0^53935988^^^^^PW-全业务-P-5382-广南县黑支果鼠街6150^5326ZTCS1ETP3CIAAU^^^^^^^^^^PW-全业务-P-5382-广南县黑支果鼠街6150^5326ZTCS1PSW453WAFCEZZEP^^0^2021-12-27 06:03:06^SYSTEM_NEW^2021-12-17 14:28:01^SYSTEM_NEW^2021-12-27 06:03:06^4849821960^^
^DNI:PW-4382-文山州移动大楼2G3G落地3(7F) 6500_HX_4383-文山州移动大楼2G3G落地4(7F) 6500_HX-189995^-1932424949^-1932424929^^^^^^0^0^4840798307^^1^^9^118^^^0^0^53935988^^^^^DNI:PW-4382-文山州移动大楼2G3G落地3(7F) 6500_HX_4383-文山州移动大楼2G3G落地4(7F) 6500_HX-189995^5326ZTCS1ETP2PO4WU^^^^^^^^^^DNI:PW-4382-文山州移动大楼2G3G落地3(7F) 6500_HX_4383-文山州移动大楼2G3G落地4(7F) 6500_HX-189995^5326ZTCS1PSW453WAFCEZY6R^^0^2021-12-27 06:03:34^SYSTEM_NEW^2021-12-17 14:28:01^SYSTEM_NEW^2021-12-27 06:03:34^4849821961^^
^PW-全业务-P-568-麻栗坡县铁厂铳雷6200_B^53976893^-1932424929^^^^^^0^0^4821234412^^1^^9^121^^^0^0^53935988^^^^^PW-全业务-P-568-麻栗坡县铁厂铳雷6200_B^5326ZTCS1ETPCE3NR^^^^^^^^^^PW-全业务-P-568-麻栗坡县铁厂铳雷6200_B^5326ZTCS1PSW453WAFCEZYLQ^^0^2021-12-27 06:03:33^SYSTEM_NEW^2021-12-17 14:28:01^SYSTEM_NEW^2021-12-27 06:03:33^4849821962^^
^PW-全业务-W-1166-富宁县普阳6300^53983858^-1932424949^^^^^^-1840153962^4838247181^4808471379^^1^^9^119^^^0^0^53935988^^^^^PW-全业务-W-1166-富宁县普阳6300^5326ZTCS1ETPPG4UA^^^^^^^^^^PW-全业务-W-1166-富宁县普阳6300^5326ZTCS1PSW453WAFCEZYYK^^0^2021-12-27 06:03:22^SYSTEM_NEW^2021-12-17 14:28:01^SYSTEM_NEW^2021-12-27 06:03:22^4849821963^^
^PW-全业务-W-3021-麻栗坡县长田6220^214588195^-1932424949^^^^^^220970628^-1828967792^4808450681^^1^^9^121^^^0^0^53935988^^^^^PW-全业务-W-3021-麻栗坡县长田6220^5326ZTCS1ETP1UXTXL^^^^^^^^^^PW-全业务-W-3021-麻栗坡县长田6220^5326ZTCS1PSW453WAFCEZXXT^^0^2021-12-27 06:03:20^SYSTEM_NEW^2021-12-17 14:28:01^SYSTEM_NEW^2021-12-27 06:03:20^4849821964^^
^DNI:PW-4382-文山州移动大楼2G3G落地3(7F) 6500_HX_4383-文山州移动大楼2G3G落地4(7F) 6500_HX-190085^-1932424949^-1932424929^^^^^^0^0^4840798307^^1^^9^118^^^0^0^53935988^^^^^DNI:PW-4382-文山州移动大楼2G3G落地3(7F) 6500_HX_4383-文山州移动大楼2G3G落地4(7F) 6500_HX-190085^5326ZTCS1ETP2PO5KP^^^^^^^^^^DNI:PW-4382-文山州移动大楼2G3G落地3(7F) 6500_HX_4383-文山州移动大楼2G3G落地4(7F) 6500_HX-190085^5326ZTCS1PSW453WAFCEZYC0^^0^2021-12-27 06:03:55^SYSTEM_NEW^2021-12-17 14:28:02^SYSTEM_NEW^2021-12-27 06:03:55^4849821969^^
^DNI:PW-4382-文山州移动大楼2G3G落地3(7F) 6500_HX_4383-文山州移动大楼2G3G落地4(7F) 6500_HX-190041^-1932424949^-1932424929^^^^^^0^0^4840798307^^1^^9^118^^^0^0^53935988^^^^^DNI:PW-4382-文山州移动大楼2G3G落地3(7F) 6500_HX_4383-文山州移动大楼2G3G落地4(7F) 6500_HX-190041^5326ZTCS1ETP2PO59Y^^^^^^^^^^DNI:PW-4382-文山州移动大楼2G3G落地3(7F) 6500_HX_4383-文山州移动大楼2G3G落地4(7F) 6500_HX-190041^5326ZTCS1PSW453WAFCEZY9J^^0^2021-12-27 06:03:44^SYSTEM_NEW^2021-12-17 14:28:02^SYSTEM_NEW^2021-12-27 06:03:44^4849821972^^
^PW-2G-P-2360-砚山县蚌峨2LTE6220^124750997^-1932424929^^^^^^0^0^4840798267^^1^^9^125^^^0^0^53935988^^^^^PW-2G-P-2360-砚山县蚌峨2LTE6220^5326ZTCS1ETP1GINL2^^^^^^^^^^PW-2G-P-2360-砚山县蚌峨2LTE6220^5326ZTCS1PSW453WAFCEZZ1I^^0^2021-12-27 06:03:32^SYSTEM_NEW^2021-12-17 14:28:02^SYSTEM_NEW^2021-12-27 06:03:32^4849821973^^
^PW-全业务-W-488-麻栗坡县董干6300^53967154^-1932424949^^^^^^-1793082405^4838247181^4821234329^^1^^9^121^^^0^0^53935988^^^^^PW-全业务-W-488-麻栗坡县董干6300^5326ZTCS1ETPAMXTL^^^^^^^^^^PW-全业务-W-488-麻栗坡县董干6300^5326ZTCS1PSW453WAFCEZZEB^^0^2021-12-27 06:02:34^SYSTEM_NEW^2021-12-17 14:28:02^SYSTEM_NEW^2021-12-27 06:02:34^4849821975^^
^PW-2G -W-3750-麻栗坡县铁厂老房子6220^1514364253^-1932424949^^^^^^1538355041^-648767541^4808469980^^1^^9^121^^^0^0^53935988^^^^^PW-2G -W-3750-麻栗坡县铁厂老房子6220^5326ZTCS1ETP2BV08J^^^^^^^^^^PW-2G -W-3750-麻栗坡县铁厂老房子6220^5326ZTCS1PSW453WAFCEZYMP^^0^2021-12-27 06:02:20^SYSTEM_NEW^2021-12-17 14:28:02^SYSTEM_NEW^2021-12-27 06:02:20^4849821974^^
^PW-全业务-W-4524-广南县克西堡6220_B^-1913576048^-1932424949^^^^^^-1913321318^4838247181^4808448390^^1^^9^120^^^0^0^53935988^^^^^PW-全业务-W-4524-广南县克西堡6220_B^5326ZTCS1ETP2SRJB2^^^^^^^^^^PW-全业务-W-4524-广南县克西堡6220_B^5326ZTCS1PSW453WAFCEZZ9J^^0^2021-12-27 06:03:49^SYSTEM_NEW^2021-12-17 14:28:03^SYSTEM_NEW^2021-12-27 06:03:49^4849821976^^
^DNI:PW-4382-文山州移动大楼2G3G落地3(7F) 6500_HX_4383-文山州移动大楼2G3G落地4(7F) 6500_HX-190774^-1932424949^-1932424929^^^^^^0^0^4840798307^^1^^9^118^^^0^0^53935988^^^^^DNI:PW-4382-文山州移动大楼2G3G落地3(7F) 6500_HX_4383-文山州移动大楼2G3G落地4(7F) 6500_HX-190774^5326ZTCS1ETP2POEC8^^^^^^^^^^DNI:PW-4382-文山州移动大楼2G3G落地3(7F) 6500_HX_4383-文山州移动大楼2G3G落地4(7F) 6500_HX-190774^5326ZTCS1PSW453WAFCEZZED^^0^2021-12-27 06:02:28^SYSTEM_NEW^2021-12-17 14:28:03^SYSTEM_NEW^2021-12-27 06:02:28^4849821977^^
^PW-全业务-W-568-麻栗坡县铁厂铳雷6200_B^53976893^-1932424949^^^^^^56632437^-1828967790^4821234277^^1^^9^121^^^0^0^53935988^^^^^PW-全业务-W-568-麻栗坡县铁厂铳雷6200_B^5326ZTCS1ETPCE3O0^^^^^^^^^^PW-全业务-W-568-麻栗坡县铁厂铳雷6200_B^5326ZTCS1PSW453WAFCEZYLS^^0^2021-12-27 06:03:35^SYSTEM_NEW^2021-12-17 14:28:03^SYSTEM_NEW^2021-12-27 06:03:35^4849821978^^
^DNI:PW-4382-文山州移动大楼2G3G落地3(7F) 6500_HX_4383-文山州移动大楼2G3G落地4(7F) 6500_HX-190260^-1932424949^-1932424929^^^^^^0^0^4840798307^^1^^9^118^^^0^0^53935988^^^^^DNI:PW-4382-文山州移动大楼2G3G落地3(7F) 6500_HX_4383-文山州移动大楼2G3G落地4(7F) 6500_HX-190260^5326ZTCS1ETP2POAEM^^^^^^^^^^DNI:PW-4382-文山州移动大楼2G3G落地3(7F) 6500_HX_4383-文山州移动大楼2G3G落地4(7F) 6500_HX-190260^5326ZTCS1PSW453WAFCEZYM6^^0^2021-12-27 06:03:46^SYSTEM_NEW^2021-12-17 14:28:03^SYSTEM_NEW^2021-12-27 06:03:46^4849821979^^
^PW-全业务-W-2335-西畴县董马丫口LTE6220_B^124751866^-1932424949^^^^^^-1834287864^-1828967790^4821234410^^1^^9^124^^^0^0^53935988^^^^^PW-全业务-W-2335-西畴县董马丫口LTE6220_B^5326ZTCS1ETP1FYJUC^^^^^^^^^^PW-全业务-W-2335-西畴县董马丫口LTE6220_B^5326ZTCS1PSW453WAFCEZY27^^0^2021-12-27 06:03:02^SYSTEM_NEW^2021-12-17 14:28:04^SYSTEM_NEW^2021-12-27 06:03:02^4849821989^^
^PW-2G -W-7200-广南县黑支果扩展6200^-1304568981^-1932424949^^^^^^-1303447666^-648765655^4837441578^^1^^9^120^^^0^0^53935988^^^^^PW-2G -W-7200-广南县黑支果扩展6200^5326ZTCS1ETP4H7PN1^^^^^^^^^^PW-2G -W-7200-广南县黑支果扩展6200^5326ZTCS1PSW453WAFCEZYMC^^0^2021-12-27 06:03:55^SYSTEM_NEW^2021-12-17 14:28:04^SYSTEM_NEW^2021-12-27 06:03:55^4849821990^^
^DNI:PW-4382-文山州移动大楼2G3G落地3(7F) 6500_HX_4383-文山州移动大楼2G3G落地4(7F) 6500_HX-190011^-1932424949^-1932424929^^^^^^0^0^4840798307^^1^^9^118^^^0^0^53935988^^^^^DNI:PW-4382-文山州移动大楼2G3G落地3(7F) 6500_HX_4383-文山州移动大楼2G3G落地4(7F) 6500_HX-190011^5326ZTCS1ETP2PO52N^^^^^^^^^^DNI:PW-4382-文山州移动大楼2G3G落地3(7F) 6500_HX_4383-文山州移动大楼2G3G落地4(7F) 6500_HX-190011^5326ZTCS1PSW453WAFCEZY7P^^0^2021-12-27 06:03:54^SYSTEM_NEW^2021-12-17 14:28:04^SYSTEM_NEW^2021-12-27 06:03:54^4849821991^^
^PW-全业务-P-7207-广南县篆角扩展6200^-1304568975^-1932424929^^^^^^0^0^4837441589^^1^^9^120^^^0^0^53935988^^^^^PW-全业务-P-7207-广南县篆角扩展6200^5326ZTCS1ETP4HD2WR^^^^^^^^^^PW-全业务-P-7207-广南县篆角扩展6200^5326ZTCS1PSW453WAFCEZZTA^^0^2021-12-27 06:03:53^SYSTEM_NEW^2021-12-17 14:28:03^SYSTEM_NEW^2021-12-27 06:03:53^4849821983^^
^DNI:PW-4382-文山州移动大楼2G3G落地3(7F) 6500_HX_4383-文山州移动大楼2G3G落地4(7F) 6500_HX-189858^-1932424949^-1932424929^^^^^^0^0^4840798307^^1^^9^118^^^0^0^53935988^^^^^DNI:PW-4382-文山州移动大楼2G3G落地3(7F) 6500_HX_4383-文山州移动大楼2G3G落地4(7F) 6500_HX-189858^5326ZTCS1ETP2PO3WN^^^^^^^^^^DNI:PW-4382-文山州移动大楼2G3G落地3(7F) 6500_HX_4383-文山州移动大楼2G3G落地4(7F) 6500_HX-189858^5326ZTCS1PSW453WAFCEZXZ2^^0^2021-12-27 06:02:58^SYSTEM_NEW^2021-12-17 14:28:03^SYSTEM_NEW^2021-12-27 06:02:58^4849821984^^
^DNI:PW-4382-文山州移动大楼2G3G落地3(7F) 6500_HX_4383-文山州移动大楼2G3G落地4(7F) 6500_HX-190148^-1932424949^-1932424929^^^^^^0^0^4840798307^^1^^9^118^^^0^0^53935988^^^^^DNI:PW-4382-文山州移动大楼2G3G落地3(7F) 6500_HX_4383-文山州移动大楼2G3G落地4(7F) 6500_HX-190148^5326ZTCS1ETP2PO73A^^^^^^^^^^DNI:PW-4382-文山州移动大楼2G3G落地3(7F) 6500_HX_4383-文山州移动大楼2G3G落地4(7F) 6500_HX-190148^5326ZTCS1PSW453WAFCEZYFX^^0^2021-12-27 06:03:15^SYSTEM_NEW^2021-12-17 14:28:03^SYSTEM_NEW^2021-12-27 06:03:15^4849821985^^
^PW-全业务-W-1175-麻栗坡县东油老屋基6200^53983871^-1932424949^^^^^^57470910^-1828967792^4808468672^^1^^9^121^^^0^0^53935988^^^^^PW-全业务-W-1175-麻栗坡县东油老屋基6200^5326ZTCS1ETPPN0JY^^^^^^^^^^PW-全业务-W-1175-麻栗坡县东油老屋基6200^5326ZTCS1PSW453WAFCEZXZ7^^0^2021-12-27 06:03:48^SYSTEM_NEW^2021-12-17 14:28:03^SYSTEM_NEW^2021-12-27 06:03:48^4849821986^^
^DNI:PW-4382-文山州移动大楼2G3G落地3(7F) 6500_HX_4383-文山州移动大楼2G3G落地4(7F) 6500_HX-190097^-1932424949^-1932424929^^^^^^0^0^4840798307^^1^^9^118^^^0^0^53935988^^^^^DNI:PW-4382-文山州移动大楼2G3G落地3(7F) 6500_HX_4383-文山州移动大楼2G3G落地4(7F) 6500_HX-190097^5326ZTCS1ETP2PO5NG^^^^^^^^^^DNI:PW-4382-文山州移动大楼2G3G落地3(7F) 6500_HX_4383-文山州移动大楼2G3G落地4(7F) 6500_HX-190097^5326ZTCS1PSW453WAFCEZYCO^^0^2021-12-27 06:03:24^SYSTEM_NEW^2021-12-17 14:28:03^SYSTEM_NEW^2021-12-27 06:03:24^4849821980^^
^PW-全业务-W-1166-富宁县普阳6300^53983858^-1932424949^^^^^^-1840153970^4838247181^4808471379^^1^^9^119^^^0^0^53935988^^^^^PW-全业务-W-1166-富宁县普阳6300^5326ZTCS1ETPPG4TL^^^^^^^^^^PW-全业务-W-1166-富宁县普阳6300^5326ZTCS1PSW453WAFCEZYYH^^0^2021-12-27 06:03:15^SYSTEM_NEW^2021-12-17 14:28:03^SYSTEM_NEW^2021-12-27 06:03:15^4849821981^^
^PW-全业务-P-2083-麻栗坡县银盘山6200^53957097^-1932424929^^^^^^0^0^4830652515^^1^^9^121^^^0^0^53935988^^^^^PW-全业务-P-2083-麻栗坡县银盘山6200^5326ZTCS1ETP1AGY0Y^^^^^^^^^^PW-全业务-P-2083-麻栗坡县银盘山6200^5326ZTCS1PSW453WAFCEZY9T^^0^2021-12-27 06:04:36^SYSTEM_NEW^2021-12-17 14:28:03^SYSTEM_NEW^2021-12-27 06:04:36^4849821982^^
^PW-2G-P-2820-麻栗坡县大山后6220^147838651^-1932424929^^^^^^0^0^4821234293^^1^^9^121^^^0^0^53935988^^^^^PW-2G-P-2820-麻栗坡县大山后6220^5326ZTCS1ETP1QK8B7^^^^^^^^^^PW-2G-P-2820-麻栗坡县大山后6220^5326ZTCS1PSW453WAFCEZYHV^^0^2021-12-27 06:03:29^SYSTEM_NEW^2021-12-17 14:28:04^SYSTEM_NEW^2021-12-27 06:03:29^4849821988^^
^PW-2G-P-4363-麻栗坡县马街高家湾6220^-1932424940^-1932424929^^^^^^0^0^4808453645^^1^^9^121^^^0^0^53935988^^^^^PW-2G-P-4363-麻栗坡县马街高家湾6220^5326ZTCS1ETP2P9HKQ^^^^^^^^^^PW-2G-P-4363-麻栗坡县马街高家湾6220^5326ZTCS1PSW453WAFCEZYRA^^0^2021-12-27 06:02:14^SYSTEM_NEW^2021-12-17 14:28:04^SYSTEM_NEW^2021-12-27 06:02:14^4849821987^^
^PW-全业务-W-5143-广南县黑支果美德6220^-1818877077^-1932424949^^^^^^-1814910055^-1828967790^4821234216^^1^^9^120^^^0^0^53935988^^^^^PW-全业务-W-5143-广南县黑支果美德6220^5326ZTCS1ETP37AM3S^^^^^^^^^^PW-全业务-W-5143-广南县黑支果美德6220^5326ZTCS1PSW453WAFCEZYFZ^^0^2021-12-27 06:03:46^SYSTEM_NEW^2021-12-17 14:28:04^SYSTEM_NEW^2021-12-27 06:03:46^4849821998^^
^DNI:PW-4382-文山州移动大楼2G3G落地3(7F) 6500_HX_4383-文山州移动大楼2G3G落地4(7F) 6500_HX-190631^-1932424949^-1932424929^^^^^^0^0^4840798307^^1^^9^118^^^0^0^53935988^^^^^DNI:PW-4382-文山州移动大楼2G3G落地3(7F) 6500_HX_4383-文山州移动大楼2G3G落地4(7F) 6500_HX-190631^5326ZTCS1ETP2PODHI^^^^^^^^^^DNI:PW-4382-文山州移动大楼2G3G落地3(7F) 6500_HX_4383-文山州移动大楼2G3G落地4(7F) 6500_HX-190631^5326ZTCS1PSW453WAFCEZZ67^^0^2021-12-27 06:03:13^SYSTEM_NEW^2021-12-17 14:28:05^SYSTEM_NEW^2021-12-27 06:03:13^4849821999^^
^PW-全业务-W-2786-广南县大坪6220_B^145986939^-1932424949^^^^^^146560854^4838247181^4808471205^^1^^9^120^^^0^0^53935988^^^^^PW-全业务-W-2786-广南县大坪6220_B^5326ZTCS1ETP1PT8US^^^^^^^^^^PW-全业务-W-2786-广南县大坪6220_B^5326ZTCS1PSW453WAFCEZZ80^^0^2021-12-27 06:03:13^SYSTEM_NEW^2021-12-17 14:28:05^SYSTEM_NEW^2021-12-27 06:03:13^4849822000^^
^PW-2G-P-7806-砚山县蚌峨板榔上电洞6200^-438803816^-1932424929^^^^^^0^0^4830651915^^1^^9^125^^^0^0^53935988^^^^^PW-2G-P-7806-砚山县蚌峨板榔上电洞6200^5326ZTCS1ETP4UFUQU^^^^^^^^^^PW-2G-P-7806-砚山县蚌峨板榔上电洞6200^5326ZTCS1PSW453WAFCEZZC2^^0^2021-12-27 06:03:32^SYSTEM_NEW^2021-12-17 14:28:05^SYSTEM_NEW^2021-12-27 06:03:32^4849822009^^
^PW-全业务-W-4188-广南县老厂6220^-1963160535^-1529341254^^^^^^-1962596101^4588299327^4808443190^^1^^9^120^^^0^0^53935988^^^197^197^PW-全业务-W-4188-广南县老厂6220^5326ZTCS1ESP1430431682PAN^^^^^^^^^^PW-全业务-W-4188-广南县老厂6220^5326ZTCS1PSW453WAFCEZZET^^0^2021-12-27 06:03:44^SYSTEM_NEW^2021-12-17 14:28:06^SYSTEM_NEW^2021-12-27 06:03:44^4849822010^^
^DNI:PW-4382-文山州移动大楼2G3G落地3(7F) 6500_HX_4383-文山州移动大楼2G3G落地4(7F) 6500_HX-189864^-1932424949^-1932424929^^^^^^0^0^4840798307^^1^^9^118^^^0^0^53935988^^^^^DNI:PW-4382-文山州移动大楼2G3G落地3(7F) 6500_HX_4383-文山州移动大楼2G3G落地4(7F) 6500_HX-189864^5326ZTCS1ETP2PO3Y1^^^^^^^^^^DNI:PW-4382-文山州移动大楼2G3G落地3(7F) 6500_HX_4383-文山州移动大楼2G3G落地4(7F) 6500_HX-189864^5326ZTCS1PSW453WAFCEZXZE^^0^2021-12-27 06:03:40^SYSTEM_NEW^2021-12-17 14:28:06^SYSTEM_NEW^2021-12-27 06:03:40^4849822011^^
^PW-全业务-W-3140-富宁县龙哈6220^223484849^-1525467651^^^^^^225881543^4678263548^4808458268^^1^^9^119^^^0^0^53935988^^^194^194^PW-全业务-W-3140-富宁县龙哈6220^5326ZTCS1ESP0332584002PBC^^^^^^^^^^PW-全业务-W-3140-富宁县龙哈6220^5326ZTCS1PSW453WAFCEZZCQ^^0^2021-12-27 06:03:40^SYSTEM_NEW^2021-12-17 14:28:06^SYSTEM_NEW^2021-12-27 06:03:40^4849822012^^
^PW-全业务-W-4679-文山州六楼二层业务落地-5 6500_HX^-1884868717^121372509^^^^^^-1590543706^122592809^4808471112^^1^^9^118^^^0^0^53935988^^^999^^PW-全业务-W-4679-文山州六楼二层业务落地-5 6500_HX^5326ZTCS1ESP16643382955ITHIF^^^^^^^^^^PW-全业务-W-4679-文山州六楼二层业务落地-5 6500_HX^5326ZTCS1PSW453WAFCEZZ0Q^^0^2021-12-27 06:03:14^SYSTEM_NEW^2021-12-17 14:28:05^SYSTEM_NEW^2021-12-27 06:03:14^4849822001^^
^PW-全业务-W-7813-文山市教育局1 6300_Q^-407415417^53967678^^^^^^0^0^4808458734^^1^^9^118^^^0^0^53935988^^^^^PW-全业务-W-7813-文山市教育局1 6300_Q^5326ZTCS1ETP4UL8T1^^^^^^^^^^PW-全业务-W-7813-文山市教育局1 6300_Q^5326ZTCS1PSW453WAFCF00S3^^0^2021-12-27 06:03:41^SYSTEM_NEW^2021-12-17 14:28:05^SYSTEM_NEW^2021-12-27 06:03:41^4849822002^^
^DNI:PW-4382-文山州移动大楼2G3G落地3(7F) 6500_HX_4383-文山州移动大楼2G3G落地4(7F) 6500_HX-190296^-1932424949^-1932424929^^^^^^0^0^4840798307^^1^^9^118^^^0^0^53935988^^^^^DNI:PW-4382-文山州移动大楼2G3G落地3(7F) 6500_HX_4383-文山州移动大楼2G3G落地4(7F) 6500_HX-190296^5326ZTCS1ETP2POB1S^^^^^^^^^^DNI:PW-4382-文山州移动大楼2G3G落地3(7F) 6500_HX_4383-文山州移动大楼2G3G落地4(7F) 6500_HX-190296^5326ZTCS1PSW453WAFCEZYO7^^0^2021-12-27 06:03:41^SYSTEM_NEW^2021-12-17 14:28:05^SYSTEM_NEW^2021-12-27 06:03:41^4849822003^^
^DNI:PW-4382-文山州移动大楼2G3G落地3(7F) 6500_HX_4383-文山州移动大楼2G3G落地4(7F) 6500_HX-190020^-1932424949^-1932424929^^^^^^0^0^4840798307^^1^^9^118^^^0^0^53935988^^^^^DNI:PW-4382-文山州移动大楼2G3G落地3(7F) 6500_HX_4383-文山州移动大楼2G3G落地4(7F) 6500_HX-190020^5326ZTCS1ETP2PO556^^^^^^^^^^DNI:PW-4382-文山州移动大楼2G3G落地3(7F) 6500_HX_4383-文山州移动大楼2G3G落地4(7F) 6500_HX-190020^5326ZTCS1PSW453WAFCEZY8E^^0^2021-12-27 06:03:08^SYSTEM_NEW^2021-12-17 14:28:05^SYSTEM_NEW^2021-12-27 06:03:08^4849822004^^
^PW-全业务-P-3021-麻栗坡县长田6220^214588195^-1932424929^^^^^^0^0^4808470537^^1^^9^121^^^0^0^53935988^^^^^PW-全业务-P-3021-麻栗坡县长田6220^5326ZTCS1ETP1UXTXT^^^^^^^^^^PW-全业务-P-3021-麻栗坡县长田6220^5326ZTCS1PSW453WAFCEZXXU^^0^2021-12-27 06:03:51^SYSTEM_NEW^2021-12-17 14:28:05^SYSTEM_NEW^2021-12-27 06:03:51^4849822005^^
^PW-全业务-W-6840-广南县林业局6150^-1441792216^-1529341254^^^^^^-1441028918^-515998007^4808450688^^1^^9^120^^^0^0^53935988^^^322^322^PW-全业务-W-6840-广南县林业局6150^5326ZTCS1ESP12993573484SEIIQ^^^^^^^^^^PW-全业务-W-6840-广南县林业局6150^5326ZTCS1PSW453WAFCEZYXU^^0^2021-12-27 06:03:44^SYSTEM_NEW^2021-12-17 14:28:05^SYSTEM_NEW^2021-12-27 06:03:44^4849822006^^
^PW-全业务-W-4262-麻栗坡县下金苦竹林6220_B^-1953067109^-1932424949^^^^^^-1950660819^-1828967792^4808452480^^1^^9^121^^^0^0^53935988^^^^^PW-全业务-W-4262-麻栗坡县下金苦竹林6220_B^5326ZTCS1ETP2N2AVF^^^^^^^^^^PW-全业务-W-4262-麻栗坡县下金苦竹林6220_B^5326ZTCS1PSW453WAFCEZXW8^^0^2021-12-27 06:03:21^SYSTEM_NEW^2021-12-17 14:28:05^SYSTEM_NEW^2021-12-27 06:03:21^4849822007^^
^DNI:PW-4382-文山州移动大楼2G3G落地3(7F) 6500_HX_4383-文山州移动大楼2G3G落地4(7F) 6500_HX-190328^-1932424949^-1932424929^^^^^^0^0^4840798307^^1^^9^118^^^0^0^53935988^^^^^DNI:PW-4382-文山州移动大楼2G3G落地3(7F) 6500_HX_4383-文山州移动大楼2G3G落地4(7F) 6500_HX-190328^5326ZTCS1ETP2POBCR^^^^^^^^^^DNI:PW-4382-文山州移动大楼2G3G落地3(7F) 6500_HX_4383-文山州移动大楼2G3G落地4(7F) 6500_HX-190328^5326ZTCS1PSW453WAFCEZYPZ^^0^2021-12-27 06:03:40^SYSTEM_NEW^2021-12-17 14:28:04^SYSTEM_NEW^2021-12-27 06:03:40^4849821992^^
^PW-全业务-P-3279-马关县马白新堡寨6220^238725472^-1978904485^^^^^^2357270407^-1418703237^4808440457^^1^^9^122^^^0^0^53935988^^^106^106^PW-全业务-P-3279-马关县马白新堡寨6220^5326ZTCS1ESP0097425945PAX^^^^^^^^^^PW-全业务-P-3279-马关县马白新堡寨6220^5326ZTCS1PSW453WAFCF00XJ^^0^2021-12-27 06:03:43^SYSTEM_NEW^2021-12-17 14:28:04^SYSTEM_NEW^2021-12-27 06:03:43^4849821993^^
^DNI:PW-4689-西畴县北回广场6500-16_HX_4690-西畴县移动6500-16_HX-190898^-1884868708^-1884868691^^^^^^4418710356^4418708841^4808447366^^1^^9^124^^^0^0^53935988^^^1944^1944^DNI:PW-4689-西畴县北回广场6500-16_HX_4690-西畴县移动6500-16_HX-190898^5326ZTCS1ESP00614299476JOWWO^^^^^^^^^^DNI:PW-4689-西畴县北回广场6500-16_HX_4690-西畴县移动6500-16_HX-190898^5326ZTCS1PSW453WAFCEZZLZ^^0^2021-12-27 06:02:16^SYSTEM_NEW^2021-12-17 14:28:04^SYSTEM_NEW^2021-12-27 06:02:16^4849821994^^
^DNI:PW-4382-文山州移动大楼2G3G落地3(7F) 6500_HX_4383-文山州移动大楼2G3G落地4(7F) 6500_HX-190272^-1932424949^-1932424929^^^^^^0^0^4840798307^^1^^9^118^^^0^0^53935988^^^^^DNI:PW-4382-文山州移动大楼2G3G落地3(7F) 6500_HX_4383-文山州移动大楼2G3G落地4(7F) 6500_HX-190272^5326ZTCS1ETP2POAKS^^^^^^^^^^DNI:PW-4382-文山州移动大楼2G3G落地3(7F) 6500_HX_4383-文山州移动大楼2G3G落地4(7F) 6500_HX-190272^5326ZTCS1PSW453WAFCEZYMV^^0^2021-12-27 06:03:43^SYSTEM_NEW^2021-12-17 14:28:04^SYSTEM_NEW^2021-12-27 06:03:43^4849821995^^
^PW-全业务-W-2794-麻栗坡县下金厂仓房6220_B^147838650^-1932424949^^^^^^148228329^-1828967790^4830651823^^1^^9^121^^^0^0^53935988^^^^^PW-全业务-W-2794-麻栗坡县下金厂仓房6220_B^5326ZTCS1ETP1Q0CS4^^^^^^^^^^PW-全业务-W-2794-麻栗坡县下金厂仓房6220_B^5326ZTCS1PSW453WAFCEZY41^^0^2021-12-27 06:03:09^SYSTEM_NEW^2021-12-17 14:28:04^SYSTEM_NEW^2021-12-27 06:03:09^4849821996^^
^DNI:PW-4382-文山州移动大楼2G3G落地3(7F) 6500_HX_4383-文山州移动大楼2G3G落地4(7F) 6500_HX-190034^-1932424949^-1932424929^^^^^^0^0^4840798307^^1^^9^118^^^0^0^53935988^^^^^DNI:PW-4382-文山州移动大楼2G3G落地3(7F) 6500_HX_4383-文山州移动大楼2G3G落地4(7F) 6500_HX-190034^5326ZTCS1ETP2PO58L^^^^^^^^^^DNI:PW-4382-文山州移动大楼2G3G落地3(7F) 6500_HX_4383-文山州移动大楼2G3G落地4(7F) 6500_HX-190034^5326ZTCS1PSW453WAFCEZY97^^0^2021-12-27 06:03:09^SYSTEM_NEW^2021-12-17 14:28:04^SYSTEM_NEW^2021-12-27 06:03:09^4849821997^^
^PW-全业务-P-2902-西畴县大寨6220^147838209^-1932424929^^^^^^0^0^4821234437^^1^^9^124^^^0^0^53935988^^^^^PW-全业务-P-2902-西畴县大寨6220^5326ZTCS1ETP1SCVPS^^^^^^^^^^PW-全业务-P-2902-西畴县大寨6220^5326ZTCS1PSW453WAFCEZY7E^^0^2021-12-27 06:03:05^SYSTEM_NEW^2021-12-17 14:28:05^SYSTEM_NEW^2021-12-27 06:03:05^4849822008^^
^DNI:PW-4382-文山州移动大楼2G3G落地3(7F) 6500_HX_4383-文山州移动大楼2G3G落地4(7F) 6500_HX-190395^-1932424949^-1932424929^^^^^^0^0^4840798545^^1^^9^118^^^0^0^53935988^^^^^DNI:PW-4382-文山州移动大楼2G3G落地3(7F) 6500_HX_4383-文山州移动大楼2G3G落地4(7F) 6500_HX-190395^5326ZTCS1ETP2POBTW^^^^^^^^^^DNI:PW-4382-文山州移动大楼2G3G落地3(7F) 6500_HX_4383-文山州移动大楼2G3G落地4(7F) 6500_HX-190395^5326ZTCS1PSW453WAFCEZYUY^^0^2021-12-27 06:03:49^SYSTEM_NEW^2021-12-17 14:28:06^SYSTEM_NEW^2021-12-27 06:03:49^4849822015^^
^DNI:PW-4382-文山州移动大楼2G3G落地3(7F) 6500_HX_4383-文山州移动大楼2G3G落地4(7F) 6500_HX-189945^-1932424949^-1932424929^^^^^^0^0^4840798307^^1^^9^118^^^0^0^53935988^^^^^DNI:PW-4382-文山州移动大楼2G3G落地3(7F) 6500_HX_4383-文山州移动大楼2G3G落地4(7F) 6500_HX-189945^5326ZTCS1ETP2PO4JL^^^^^^^^^^DNI:PW-4382-文山州移动大楼2G3G落地3(7F) 6500_HX_4383-文山州移动大楼2G3G落地4(7F) 6500_HX-189945^5326ZTCS1PSW453WAFCEZY3V^^0^2021-12-27 06:03:12^SYSTEM_NEW^2021-12-17 14:28:06^SYSTEM_NEW^2021-12-27 06:03:12^4849822013^^
^PW-2G -W-3038-广南县牡蛎6220_B^214588228^-1932424949^^^^^^220974240^-648765655^4821234379^^1^^9^120^^^0^0^53935988^^^^^PW-2G -W-3038-广南县牡蛎6220_B^5326ZTCS1ETP1VBTPU^^^^^^^^^^PW-2G -W-3038-广南县牡蛎6220_B^5326ZTCS1PSW453WAFCEZY3W^^0^2021-12-27 06:03:40^SYSTEM_NEW^2021-12-17 14:28:06^SYSTEM_NEW^2021-12-27 06:03:40^4849822014^^
^PW-全业务-P-3006-西畴县董马新寨6220^147841484^-1932424929^^^^^^0^0^4821234391^^1^^9^124^^^0^0^53935988^^^^^PW-全业务-P-3006-西畴县董马新寨6220^5326ZTCS1ETP1UMDNK^^^^^^^^^^PW-全业务-P-3006-西畴县董马新寨6220^5326ZTCS1PSW453WAFCEZY8Q^^0^2021-12-27 06:03:21^SYSTEM_NEW^2021-12-17 14:28:06^SYSTEM_NEW^2021-12-27 06:03:21^4849822018^^
^PW-全业务-W-5922-麻栗坡县马街下岩背后6150_B^-1706443617^-1932424949^^^^^^-1704812687^4838376137^4830651972^^1^^9^121^^^0^0^53935988^^^^^PW-全业务-W-5922-麻栗坡县马街下岩背后6150_B^5326ZTCS1ETP3OAYVJ^^^^^^^^^^PW-全业务-W-5922-麻栗坡县马街下岩背后6150_B^5326ZTCS1PSW453WAFCEZYO1^^0^2021-12-27 06:03:50^SYSTEM_NEW^2021-12-17 14:28:06^SYSTEM_NEW^2021-12-27 06:03:50^4849822019^^
^DNI:PW-4382-文山州移动大楼2G3G落地3(7F) 6500_HX_4383-文山州移动大楼2G3G落地4(7F) 6500_HX-190750^-1932424949^-1932424929^^^^^^0^0^4840798307^^1^^9^118^^^0^0^53935988^^^^^DNI:PW-4382-文山州移动大楼2G3G落地3(7F) 6500_HX_4383-文山州移动大楼2G3G落地4(7F) 6500_HX-190750^5326ZTCS1ETP2POE8K^^^^^^^^^^DNI:PW-4382-文山州移动大楼2G3G落地3(7F) 6500_HX_4383-文山州移动大楼2G3G落地4(7F) 6500_HX-190750^5326ZTCS1PSW453WAFCEZZD7^^0^2021-12-27 06:03:15^SYSTEM_NEW^2021-12-17 14:28:06^SYSTEM_NEW^2021-12-27 06:03:15^4849822020^^
^DNI:PW-4382-文山州移动大楼2G3G落地3(7F) 6500_HX_4383-文山州移动大楼2G3G落地4(7F) 6500_HX-189931^-1932424949^-1932424929^^^^^^0^0^4840798307^^1^^9^118^^^0^0^53935988^^^^^DNI:PW-4382-文山州移动大楼2G3G落地3(7F) 6500_HX_4383-文山州移动大楼2G3G落地4(7F) 6500_HX-189931^5326ZTCS1ETP2PO4FX^^^^^^^^^^DNI:PW-4382-文山州移动大楼2G3G落地3(7F) 6500_HX_4383-文山州移动大楼2G3G落地4(7F) 6500_HX-189931^5326ZTCS1PSW453WAFCEZY32^^0^2021-12-27 06:03:10^SYSTEM_NEW^2021-12-17 14:28:06^SYSTEM_NEW^2021-12-27 06:03:10^4849822021^^
^PW-全业务-P-2993-麻栗坡县荒田6220^147841295^-1932424929^^^^^^0^0^4821234332^^1^^9^121^^^0^0^53935988^^^^^PW-全业务-P-2993-麻栗坡县荒田6220^5326ZTCS1ETP1UCG0S^^^^^^^^^^PW-全业务-P-2993-麻栗坡县荒田6220^5326ZTCS1PSW453WAFCEZY0C^^0^2021-12-27 06:02:23^SYSTEM_NEW^2021-12-17 14:28:06^SYSTEM_NEW^2021-12-27 06:02:23^4849822022^^
^DNI:PW-4382-文山州移动大楼2G3G落地3(7F) 6500_HX_4383-文山州移动大楼2G3G落地4(7F) 6500_HX-190340^-1932424949^-1932424929^^^^^^0^0^4840798307^^1^^9^118^^^0^0^53935988^^^^^DNI:PW-4382-文山州移动大楼2G3G落地3(7F) 6500_HX_4383-文山州移动大楼2G3G落地4(7F) 6500_HX-190340^5326ZTCS1ETP2POBGV^^^^^^^^^^DNI:PW-4382-文山州移动大楼2G3G落地3(7F) 6500_HX_4383-文山州移动大楼2G3G落地4(7F) 6500_HX-190340^5326ZTCS1PSW453WAFCEZYQU^^0^2021-12-27 06:03:24^SYSTEM_NEW^2021-12-17 14:28:06^SYSTEM_NEW^2021-12-27 06:03:24^4849822023^^
^PW-2G-P-2196-广南县箐木依6200^54065850^-1932424929^^^^^^0^0^4821234252^^1^^9^120^^^0^0^53935988^^^^^PW-2G-P-2196-广南县箐木依6200^5326ZTCS1ETP1CXBOC^^^^^^^^^^PW-2G-P-2196-广南县箐木依6200^5326ZTCS1PSW453WAFCEZY6T^^0^2021-12-27 06:03:25^SYSTEM_NEW^2021-12-17 14:28:06^SYSTEM_NEW^2021-12-27 06:03:25^4849822016^^
^DNI:PW-4382-文山州移动大楼2G3G落地3(7F) 6500_HX_4383-文山州移动大楼2G3G落地4(7F) 6500_HX-190256^-1932424949^-1932424929^^^^^^0^0^4840798307^^1^^9^118^^^0^0^53935988^^^^^DNI:PW-4382-文山州移动大楼2G3G落地3(7F) 6500_HX_4383-文山州移动大楼2G3G落地4(7F) 6500_HX-190256^5326ZTCS1ETP2POACC^^^^^^^^^^DNI:PW-4382-文山州移动大楼2G3G落地3(7F) 6500_HX_4383-文山州移动大楼2G3G落地4(7F) 6500_HX-190256^5326ZTCS1PSW453WAFCEZYLZ^^0^2021-12-27 06:03:47^SYSTEM_NEW^2021-12-17 14:28:06^SYSTEM_NEW^2021-12-27 06:03:47^4849822017^^
^PW-2G -W-4307-麻栗坡县铁厂茶坪6220^-1950585439^-1932424949^^^^^^-1947705397^-648767541^4808463344^^1^^9^121^^^0^0^53935988^^^^^PW-2G -W-4307-麻栗坡县铁厂茶坪6220^5326ZTCS1ETP2O1OOG^^^^^^^^^^PW-2G -W-4307-麻栗坡县铁厂茶坪6220^5326ZTCS1PSW453WAFCEZYOY^^0^2021-12-27 06:03:22^SYSTEM_NEW^2021-12-17 14:28:06^SYSTEM_NEW^2021-12-27 06:03:22^4849822024^^
^PW-2G-P-3223-麻栗坡县黄家坪6220^234076170^-1932424929^^^^^^0^0^4808450907^^1^^9^121^^^0^0^53935988^^^^^PW-2G-P-3223-麻栗坡县黄家坪6220^5326ZTCS1ETP20D8AU^^^^^^^^^^PW-2G-P-3223-麻栗坡县黄家坪6220^5326ZTCS1PSW453WAFCEZYKD^^0^2021-12-27 06:03:42^SYSTEM_NEW^2021-12-17 14:28:07^SYSTEM_NEW^2021-12-27 06:03:42^4849822025^^
^DNI:PW-1827-文山州移动大楼L2L3主3(7F)6500_HX_1846-文山州大景商业城L2L3备3(4F)6500_HX-191112^54016830^54017340^^^^^^-1418707184^-1418706730^4808467875^^1^^9^118^^^0^0^53935988^^^1850^1850^DNI:PW-1827-文山州移动大楼L2L3主3(7F)6500_HX_1846-文山州大景商业城L2L3备3(4F)6500_HX-191112^5326ZTCS1ESP16558188296G0VGA^^^^^^^^^^DNI:PW-1827-文山州移动大楼L2L3主3(7F)6500_HX_1846-文山州大景商业城L2L3备3(4F)6500_HX-191112^5326ZTCS1PSW453WAFCEZZZJ^^0^2021-12-27 06:03:34^SYSTEM_NEW^2021-12-17 14:28:07^SYSTEM_NEW^2021-12-27 06:03:34^4849822026^^
^DNI:PW-4382-文山州移动大楼2G3G落地3(7F) 6500_HX_4383-文山州移动大楼2G3G落地4(7F) 6500_HX-190300^-1932424949^-1932424929^^^^^^0^0^4840798545^^1^^9^118^^^0^0^53935988^^^^^DNI:PW-4382-文山州移动大楼2G3G落地3(7F) 6500_HX_4383-文山州移动大楼2G3G落地4(7F) 6500_HX-190300^5326ZTCS1ETP2POB2P^^^^^^^^^^DNI:PW-4382-文山州移动大楼2G3G落地3(7F) 6500_HX_4383-文山州移动大楼2G3G落地4(7F) 6500_HX-190300^5326ZTCS1PSW453WAFCEZYOF^^0^2021-12-27 06:03:35^SYSTEM_NEW^2021-12-17 14:28:07^SYSTEM_NEW^2021-12-27 06:03:35^4849822029^^
^PW-2G -W-6583-麻栗坡县马街田家湾6150_B^-1525467637^-1932424949^^^^^^-1524740705^-648767541^4830651872^^1^^9^121^^^0^0^53935988^^^^^PW-2G -W-6583-麻栗坡县马街田家湾6150_B^5326ZTCS1ETP43Q686^^^^^^^^^^PW-2G -W-6583-麻栗坡县马街田家湾6150_B^5326ZTCS1PSW453WAFCEZYSL^^0^2021-12-27 06:03:50^SYSTEM_NEW^2021-12-17 14:28:07^SYSTEM_NEW^2021-12-27 06:03:50^4849822027^^
^PW-全业务-P-5916-西畴县董马塘子边6150^-1706443614^-1932424929^^^^^^0^0^4837441593^^1^^9^124^^^0^0^53935988^^^^^PW-全业务-P-5916-西畴县董马塘子边6150^5326ZTCS1ETP3O6EDX^^^^^^^^^^PW-全业务-P-5916-西畴县董马塘子边6150^5326ZTCS1PSW453WAFCEZYNM^^0^2021-12-27 06:03:35^SYSTEM_NEW^2021-12-17 14:28:07^SYSTEM_NEW^2021-12-27 06:03:35^4849822028^^
^PWTRAIL=2634506^53982245^54018899^4193^4193^^^^57336412^58359945^4276356648^^1^^1^10304^^^0^0^4246014965^^^^^PWTRAIL=2634506^5300HWCSEETP163b03293f367afb^^^^^^^^^^PWTRAIL=2634506^5300HWCSEPSW9be0c4184154b4c7^^0^2021-12-25 10:21:58^SYSTEM_NEW^2021-12-17 22:18:46^SYSTEM_NEW^2021-12-25 10:21:58^4850882117^^
^PWTRAIL=2634477^53981772^-1709897285^4193^4193^^^^57336408^-1708210201^4851014239^^1^^1^10304^^^0^0^4246014965^^^^^PWTRAIL=2634477^5300HWCSEETP4de47852fe04cc16^^^^^^^^^^PWTRAIL=2634477^5300HWCSEPSW256f2c0bbfc21ef1^^0^2021-12-25 10:22:03^SYSTEM_NEW^2021-12-17 22:18:34^SYSTEM_NEW^2021-12-25 10:22:03^4850882111^^
^PWTRAIL=2634616^-1822504823^3907651023^--^--^^^^-1820275153^3907651245^4276538002^^1^^1^107^^^0^0^4246014965^^^532^532^PWTRAIL=2634616^5300HWCSEESP1cb4fa2b1c657270^^^^^^^^^^PWTRAIL=2634616^5300HWCSEPSWbf6d88a5428c31f1^^0^2021-12-25 10:22:03^SYSTEM_NEW^2021-12-17 22:18:34^SYSTEM_NEW^2021-12-25 10:22:03^4850882112^^
^PWTRAIL=2634615^-1802085079^53977449^--^--^^^^-1801942848^-1804072693^4276477871^^1^^1^134^^^0^0^4246014965^^^976^--^PWTRAIL=2634615^5300HWCSEESP64bf77337a604318^^^^^^^^^^PWTRAIL=2634615^5300HWCSEPSW63e32d0fb03d705c^^0^2021-12-25 10:22:03^SYSTEM_NEW^2021-12-17 22:18:35^SYSTEM_NEW^2021-12-25 10:22:03^4850882113^^
^PWTRAIL=2634504^53982245^54018899^4193^4193^^^^57336412^58360498^4276356648^^1^^1^10304^^^0^0^4246014965^^^^^PWTRAIL=2634504^5300HWCSEETP9fffdd5fd3df55d3^^^^^^^^^^PWTRAIL=2634504^5300HWCSEPSWcc7025714e3aac2d^^0^2021-12-25 10:21:58^SYSTEM_NEW^2021-12-17 22:18:46^SYSTEM_NEW^2021-12-25 10:21:58^4850882116^^
^PWTRAIL=2634623^-1802085079^53975461^--^--^^^^-1801942848^-1901971579^4276467160^^1^^1^134^^^0^0^4246014965^^^974^--^PWTRAIL=2634623^5300HWCSEESPdf6779109f405312^^^^^^^^^^PWTRAIL=2634623^5300HWCSEPSWeb8f9bacdfed5866^^0^2021-12-25 10:22:09^SYSTEM_NEW^2021-12-17 22:19:16^SYSTEM_NEW^2021-12-25 10:22:09^4850882132^^
^PWTRAIL=2634571^-1802085079^3636860077^--^--^^^^-1801942848^3637066549^4276501959^^1^^1^134^^^0^0^4246014965^^^987^--^PWTRAIL=2634571^5300HWCSEESPf33e1aacacc99374^^^^^^^^^^PWTRAIL=2634571^5300HWCSEPSW32b0ff5dffd55c4a^^0^2021-12-25 10:22:03^SYSTEM_NEW^2021-12-17 22:18:49^SYSTEM_NEW^2021-12-25 10:22:03^4850882119^^
^PWTRAIL=2634554^53981772^-1896404959^4193^4193^^^^57438000^-1888448328^4851014301^^1^^1^10304^^^0^0^4246014965^^^^^PWTRAIL=2634554^5300HWCSEETP8043b0a5c72a97be^^^^^^^^^^PWTRAIL=2634554^5300HWCSEPSW9d59ee09ac3a5054^^0^2021-12-25 10:22:03^SYSTEM_NEW^2021-12-17 22:18:49^SYSTEM_NEW^2021-12-25 10:22:03^4850882120^^
^PWTRAIL=2634473^53981772^53992417^4193^4193^^^^57437264^3629773312^4851014167^^1^^1^10304^^^0^0^4246014965^^^^^PWTRAIL=2634473^5300HWCSEETP27ebb34aac080aee^^^^^^^^^^PWTRAIL=2634473^5300HWCSEPSWd073c040fb6e5cf3^^0^2021-12-25 10:22:03^SYSTEM_NEW^2021-12-17 22:18:49^SYSTEM_NEW^2021-12-25 10:22:03^4850882121^^
^PWTRAIL=2634553^53981772^-1896404959^4193^4193^^^^57438000^-1888448326^4851014301^^1^^1^10304^^^0^0^4246014965^^^^^PWTRAIL=2634553^5300HWCSEETP0c55a10183e60869^^^^^^^^^^PWTRAIL=2634553^5300HWCSEPSW26e7822ea42831a3^^0^2021-12-25 10:22:03^SYSTEM_NEW^2021-12-17 22:18:49^SYSTEM_NEW^2021-12-25 10:22:03^4850882122^^
^PWTRAIL=2634505^53982245^54018899^4193^4193^^^^57336412^58360500^4276356648^^1^^1^10304^^^0^0^4246014965^^^^^PWTRAIL=2634505^5300HWCSEETP0b4a502e4b8860ce^^^^^^^^^^PWTRAIL=2634505^5300HWCSEPSW17a85dd44e313581^^0^2021-12-25 10:22:00^SYSTEM_NEW^2021-12-17 22:18:46^SYSTEM_NEW^2021-12-25 10:22:00^4850882118^^
^PWTRAIL=2634552^53981772^-1896404959^4193^4193^^^^57438000^-1888448327^4851014301^^1^^1^10304^^^0^0^4246014965^^^^^PWTRAIL=2634552^5300HWCSEETP0486ac422f01b7bf^^^^^^^^^^PWTRAIL=2634552^5300HWCSEPSWaa9878da0ec65252^^0^2021-12-25 10:22:03^SYSTEM_NEW^2021-12-17 22:18:49^SYSTEM_NEW^2021-12-25 10:22:03^4850882123^^
^PWTRAIL=2634549^53981772^-1896404959^4193^4193^^^^57437999^-1888448333^4851014301^^1^^1^10304^^^0^0^4246014965^^^^^PWTRAIL=2634549^5300HWCSEETP1cf5d01dd13dceda^^^^^^^^^^PWTRAIL=2634549^5300HWCSEPSW3cfac2ccd61a65f6^^0^2021-12-25 10:22:10^SYSTEM_NEW^2021-12-17 22:19:24^SYSTEM_NEW^2021-12-25 10:22:10^4850882135^^
^PWTRAIL=2634551^53981772^-1896404959^4193^4193^^^^57437999^-1888448331^4851014301^^1^^1^10304^^^0^0^4246014965^^^^^PWTRAIL=2634551^5300HWCSEETPb008a6deed21ea53^^^^^^^^^^PWTRAIL=2634551^5300HWCSEPSW18ddd33f52884ce3^^0^2021-12-25 10:22:10^SYSTEM_NEW^2021-12-17 22:19:23^SYSTEM_NEW^2021-12-25 10:22:10^4850882133^^
^PWTRAIL=2634550^53981772^-1896404959^4193^4193^^^^57437999^-1888448332^4851014301^^1^^1^10304^^^0^0^4246014965^^^^^PWTRAIL=2634550^5300HWCSEETP7800b28c7aa701f4^^^^^^^^^^PWTRAIL=2634550^5300HWCSEPSW151989f380e59196^^0^2021-12-25 10:22:10^SYSTEM_NEW^2021-12-17 22:19:23^SYSTEM_NEW^2021-12-25 10:22:10^4850882134^^
^PWTRAIL=2634484^53982245^1086599364^4193^4193^^^^57443260^1144834595^4851014241^^1^^1^10304^^^0^0^4246014965^^^^^PWTRAIL=2634484^5300HWCSEETPe81687f3ab7a669d^^^^^^^^^^PWTRAIL=2634484^5300HWCSEPSW9df651984a83d00a^^0^2021-12-25 10:22:10^SYSTEM_NEW^2021-12-17 22:19:25^SYSTEM_NEW^2021-12-25 10:22:10^4850882136^^
^PWTRAIL=2634483^53982245^1086599364^4193^4193^^^^57443260^1144834597^4851014241^^1^^1^10304^^^0^0^4246014965^^^^^PWTRAIL=2634483^5300HWCSEETP7a9f9f86f7138974^^^^^^^^^^PWTRAIL=2634483^5300HWCSEPSW892f0dd6a1495f81^^0^2021-12-25 10:22:10^SYSTEM_NEW^2021-12-17 22:19:25^SYSTEM_NEW^2021-12-25 10:22:10^4850882137^^
^PWTRAIL=2634482^53982245^1086599364^4193^4193^^^^57443260^1144834596^4851014241^^1^^1^10304^^^0^0^4246014965^^^^^PWTRAIL=2634482^5300HWCSEETPc8d72354af7f0dac^^^^^^^^^^PWTRAIL=2634482^5300HWCSEPSWd9e4168ecd8d0f03^^0^2021-12-25 10:22:10^SYSTEM_NEW^2021-12-17 22:19:25^SYSTEM_NEW^2021-12-25 10:22:10^4850882138^^
^PWTRAIL=2633973^-1394094119^-1431787135^--^--^^^^-277006584^-277006569^4276478015^^1^^1^134^^^0^0^4246014965^^^172^172^PWTRAIL=2633973^5300HWCSEESP214aab388cae3233^^^^^^^^^^PWTRAIL=2633973^5300HWCSEPSW1a7943c003f273dc^^0^2021-12-25 10:22:29^SYSTEM_NEW^2021-12-17 22:20:01^SYSTEM_NEW^2021-12-25 10:22:29^4850882140^^
^PWTRAIL=2633972^2330269248^-1431787135^--^--^^^^2330368052^-277006569^4276487664^^1^^1^134^^^0^0^4246014965^^^172^172^PWTRAIL=2633972^5300HWCSEESP3cd5e80096c4b3b9^^^^^^^^^^PWTRAIL=2633972^5300HWCSEPSW3b5edc1f61ac58bf^^0^2021-12-25 10:22:29^SYSTEM_NEW^2021-12-17 22:20:01^SYSTEM_NEW^2021-12-25 10:22:29^4850882141^^
^PWTRAIL=2633971^2330269248^-1394094119^--^--^^^^2330368052^-277006584^4276487663^^1^^1^134^^^0^0^4246014965^^^172^172^PWTRAIL=2633971^5300HWCSEESP3cd5e80096c4b3b9^^^^^^^^^^PWTRAIL=2633971^5300HWCSEPSWf4b230ce12d5b2f4^^0^2021-12-25 10:22:29^SYSTEM_NEW^2021-12-17 22:20:01^SYSTEM_NEW^2021-12-25 10:22:29^4850882142^^
^PWTRAIL=2634476^53981772^-1709897285^4193^4193^^^^57336408^-1708210203^4851014239^^1^^1^10304^^^0^0^4246014965^^^^^PWTRAIL=2634476^5300HWCSEETP6b19613afaa4bd35^^^^^^^^^^PWTRAIL=2634476^5300HWCSEPSW5eaa126d656f3b07^^0^2021-12-25 10:22:29^SYSTEM_NEW^2021-12-17 22:20:01^SYSTEM_NEW^2021-12-25 10:22:29^4850882143^^
^PWTRAIL=2634475^53981772^-1709897285^4193^4193^^^^57336408^-1664137084^4851014239^^1^^1^10304^^^0^0^4246014965^^^^^PWTRAIL=2634475^5300HWCSEETP4437d0c2652e1762^^^^^^^^^^PWTRAIL=2634475^5300HWCSEPSWd2ceea9265f05d95^^0^2021-12-25 10:22:29^SYSTEM_NEW^2021-12-17 22:20:01^SYSTEM_NEW^2021-12-25 10:22:29^4850882144^^
^PWTRAIL=2634480^53981772^53961946^4193^4193^^^^57336408^4046216681^4851014169^^1^^1^10304^^^0^0^4246014965^^^^^PWTRAIL=2634480^5300HWCSEETP35f4b113741bb6f5^^^^^^^^^^PWTRAIL=2634480^5300HWCSEPSWe60e23deab191040^^0^2021-12-25 10:22:49^SYSTEM_NEW^2021-12-17 22:20:38^SYSTEM_NEW^2021-12-25 10:22:49^4850882172^^
^PWTRAIL=2634515^53981772^-1722892999^4193^4193^^^^57437999^-1722442871^4851014144^^1^^1^10304^^^0^0^4246014965^^^^^PWTRAIL=2634515^5300HWCSEETP90aee378f72e7c7c^^^^^^^^^^PWTRAIL=2634515^5300HWCSEPSW9d59c0da96335f38^^0^2021-12-25 10:23:25^SYSTEM_NEW^2021-12-17 22:21:13^SYSTEM_NEW^2021-12-25 10:23:25^4850882173^^
^PWTRAIL=2634516^53981772^-1722892999^4193^4193^^^^57437999^-1722442872^4851014144^^1^^1^10304^^^0^0^4246014965^^^^^PWTRAIL=2634516^5300HWCSEETP282bc04949b91993^^^^^^^^^^PWTRAIL=2634516^5300HWCSEPSW0f7abae11d8aa514^^0^2021-12-25 10:23:25^SYSTEM_NEW^2021-12-17 22:21:13^SYSTEM_NEW^2021-12-25 10:23:25^4850882174^^
^PWTRAIL=2634703^-1802085079^-1828234179^--^--^^^^-1801942848^-1820672057^4276484224^^1^^1^134^^^0^0^4246014965^^^955^--^PWTRAIL=2634703^5300HWCSEESP58716f0f901afa27^^^^^^^^^^PWTRAIL=2634703^5300HWCSEPSWb68fe9e6534afba1^^0^2021-12-25 10:23:25^SYSTEM_NEW^2021-12-17 22:21:13^SYSTEM_NEW^2021-12-25 10:23:25^4850882175^^
^PWTRAIL=2634682^-1802085079^239854489^--^--^^^^-1801942848^-1804766251^4276467056^^1^^1^134^^^0^0^4246014965^^^964^--^PWTRAIL=2634682^5300HWCSEESP1a3630bdc09ca700^^^^^^^^^^PWTRAIL=2634682^5300HWCSEPSW460cd371a9d5290b^^0^2021-12-25 10:23:25^SYSTEM_NEW^2021-12-17 22:21:13^SYSTEM_NEW^2021-12-25 10:23:25^4850882176^^
^PWTRAIL=2634474^53981772^-1709897285^4193^4193^^^^57336408^-1708210202^4851014239^^1^^1^10304^^^0^0^4246014965^^^^^PWTRAIL=2634474^5300HWCSEETP112de6776b244926^^^^^^^^^^PWTRAIL=2634474^5300HWCSEPSW0074a8ab4430b305^^0^2021-12-25 10:22:29^SYSTEM_NEW^2021-12-17 22:20:02^SYSTEM_NEW^2021-12-25 10:22:29^4850882145^^
^PWTRAIL=2634588^-1802085079^2932108739^--^--^^^^-1801942848^2932112371^4741121565^^1^^1^134^^^0^0^4246014965^^^978^--^PWTRAIL=2634588^5300HWCSEESPf55af295f9805f62^^^^^^^^^^PWTRAIL=2634588^5300HWCSEPSW1c636ab094937413^^0^2021-12-25 10:22:38^SYSTEM_NEW^2021-12-17 22:20:18^SYSTEM_NEW^2021-12-25 10:22:38^4850882146^^
^PWTRAIL=2634572^-1802085079^-1377543037^--^--^^^^-1801942848^-274566887^4276479481^^1^^1^134^^^0^0^4246014965^^^986^--^PWTRAIL=2634572^5300HWCSEESPd87cfa9fbf035532^^^^^^^^^^PWTRAIL=2634572^5300HWCSEPSW84caecbcda46ff71^^0^2021-12-25 10:22:39^SYSTEM_NEW^2021-12-17 22:20:19^SYSTEM_NEW^2021-12-25 10:22:39^4850882147^^
^PWTRAIL=2634542^53981772^-1709896100^4193^4193^^^^57438000^-1708211594^4851014368^^1^^1^10304^^^0^0^4246014965^^^^^PWTRAIL=2634542^5300HWCSEETP60cf77a74dd4b52d^^^^^^^^^^PWTRAIL=2634542^5300HWCSEPSW5d51a59d1b348128^^0^2021-12-25 10:22:52^SYSTEM_NEW^2021-12-17 22:20:37^SYSTEM_NEW^2021-12-25 10:22:52^4850882163^^
^PWTRAIL=2634541^53981772^-1709896100^4193^4193^^^^57438000^-1708211598^4851014368^^1^^1^10304^^^0^0^4246014965^^^^^PWTRAIL=2634541^5300HWCSEETPec76ab7e932e9f46^^^^^^^^^^PWTRAIL=2634541^5300HWCSEPSW7f0a42d94e6951a5^^0^2021-12-25 10:22:52^SYSTEM_NEW^2021-12-17 22:20:37^SYSTEM_NEW^2021-12-25 10:22:52^4850882164^^
^PWTRAIL=2634540^53981772^-1709896100^4193^4193^^^^57438000^-1708211596^4851014368^^1^^1^10304^^^0^0^4246014965^^^^^PWTRAIL=2634540^5300HWCSEETPe10d3c740377ddf2^^^^^^^^^^PWTRAIL=2634540^5300HWCSEPSW604238482bc40c62^^0^2021-12-25 10:22:52^SYSTEM_NEW^2021-12-17 22:20:37^SYSTEM_NEW^2021-12-25 10:22:52^4850882165^^
^PWTRAIL=2634543^53981772^-1709896100^4193^4193^^^^57438000^-1708211597^4851014368^^1^^1^10304^^^0^0^4246014965^^^^^PWTRAIL=2634543^5300HWCSEETP6fbdd627f0cd7a51^^^^^^^^^^PWTRAIL=2634543^5300HWCSEPSW657e575df5622869^^0^2021-12-25 10:22:52^SYSTEM_NEW^2021-12-17 22:20:37^SYSTEM_NEW^2021-12-25 10:22:52^4850882166^^
^PWTRAIL=2634525^53981772^-1774123494^4193^4193^^^^57437999^-1771974120^4851014392^^1^^1^10304^^^0^0^4246014965^^^^^PWTRAIL=2634525^5300HWCSEETP7d69df17d7f525a0^^^^^^^^^^PWTRAIL=2634525^5300HWCSEPSWc8538586a69ab347^^0^2021-12-25 10:22:49^SYSTEM_NEW^2021-12-17 22:20:38^SYSTEM_NEW^2021-12-25 10:22:49^4850882167^^
^PWTRAIL=2634524^53981772^-1774123494^4193^4193^^^^57437999^-1771974115^4851014392^^1^^1^10304^^^0^0^4246014965^^^^^PWTRAIL=2634524^5300HWCSEETP7bf35c36fc27346e^^^^^^^^^^PWTRAIL=2634524^5300HWCSEPSW0fb8fb32dbeb51d1^^0^2021-12-25 10:22:49^SYSTEM_NEW^2021-12-17 22:20:38^SYSTEM_NEW^2021-12-25 10:22:49^4850882168^^
^PWTRAIL=2634523^53981772^-1774123494^4193^4193^^^^57437999^-1771974118^4851014392^^1^^1^10304^^^0^0^4246014965^^^^^PWTRAIL=2634523^5300HWCSEETP4a2479c9653a5eca^^^^^^^^^^PWTRAIL=2634523^5300HWCSEPSWc491d40cf51aa616^^0^2021-12-25 10:22:49^SYSTEM_NEW^2021-12-17 22:20:38^SYSTEM_NEW^2021-12-25 10:22:49^4850882169^^
^PWTRAIL=2634522^53981772^-1912124105^4193^4193^^^^57437999^-1911745964^4851014146^^1^^1^10304^^^0^0^4246014965^^^^^PWTRAIL=2634522^5300HWCSEETP4901b69fd3c806c1^^^^^^^^^^PWTRAIL=2634522^5300HWCSEPSW5fa2c458a152409e^^0^2021-12-25 10:22:49^SYSTEM_NEW^2021-12-17 22:20:38^SYSTEM_NEW^2021-12-25 10:22:49^4850882170^^
^PWTRAIL=2634481^53981772^53961946^4193^4193^^^^57336408^4046216682^4851014169^^1^^1^10304^^^0^0^4246014965^^^^^PWTRAIL=2634481^5300HWCSEETP5c88f2abb3ef41ad^^^^^^^^^^PWTRAIL=2634481^5300HWCSEPSWa05635786cda1bad^^0^2021-12-25 10:22:49^SYSTEM_NEW^2021-12-17 22:20:38^SYSTEM_NEW^2021-12-25 10:22:49^4850882171^^
^PWTRAIL=2634502^53981772^53961577^4193^4193^^^^57438000^-1384173287^4851014206^^1^^1^10304^^^0^0^4246014965^^^^^PWTRAIL=2634502^5300HWCSEETPc528ff0ca099a0eb^^^^^^^^^^PWTRAIL=2634502^5300HWCSEPSW3446c87052f2dbc1^^0^2021-12-25 10:23:25^SYSTEM_NEW^2021-12-17 22:21:13^SYSTEM_NEW^2021-12-25 10:23:25^4850882182^^
^PWTRAIL=2634562^53981772^53980077^4193^4193^^^^57438000^57328249^4851014309^^1^^1^10304^^^0^0^4246014965^^^^^PWTRAIL=2634562^5300HWCSEETPeb8e373d5eb33b14^^^^^^^^^^PWTRAIL=2634562^5300HWCSEPSWbd77ee63e55531e2^^0^2021-12-25 10:23:25^SYSTEM_NEW^2021-12-17 22:21:13^SYSTEM_NEW^2021-12-25 10:23:25^4850882183^^
^PWTRAIL=2634561^53981772^53980077^4193^4193^^^^57438000^57296534^4851014309^^1^^1^10304^^^0^0^4246014965^^^^^PWTRAIL=2634561^5300HWCSEETP170e8372409e81b7^^^^^^^^^^PWTRAIL=2634561^5300HWCSEPSWbc2e2477dc1230eb^^0^2021-12-25 10:23:25^SYSTEM_NEW^2021-12-17 22:21:13^SYSTEM_NEW^2021-12-25 10:23:25^4850882184^^
^PWTRAIL=2634604^-1001075734^-1611249097^--^--^^^^-988436981^-1610755547^4276519099^^1^^1^104^^^0^0^4246014965^^^177^177^PWTRAIL=2634604^5300HWCSEESP1bac2d8ca4353b00^^^^^^^^^^PWTRAIL=2634604^5300HWCSEPSWb16d9ec455e61cf6^^0^2021-12-25 10:23:25^SYSTEM_NEW^2021-12-17 22:21:13^SYSTEM_NEW^2021-12-25 10:23:25^4850882179^^
^PWTRAIL=2634570^-1504732034^-1822504826^--^--^^^^-1503814645^-1820275714^4276355220^^1^^1^110^^^0^0^4246014965^^^--^--^PWTRAIL=2634570^5300HWCSEESP9c2a87f679c97a6a^^^^^^^^^^PWTRAIL=2634570^5300HWCSEPSW23b50516fd0e1c0f^^0^2021-12-25 10:23:25^SYSTEM_NEW^2021-12-17 22:21:13^SYSTEM_NEW^2021-12-25 10:23:25^4850882180^^
^PWTRAIL=2634511^53982245^53962019^4193^4193^^^^57336412^3647704219^4851014204^^1^^1^10304^^^0^0^4246014965^^^^^PWTRAIL=2634511^5300HWCSEETP1e97dc0c1c97fde8^^^^^^^^^^PWTRAIL=2634511^5300HWCSEPSW8c15ec75c6ccca4f^^0^2021-12-25 10:23:25^SYSTEM_NEW^2021-12-17 22:21:13^SYSTEM_NEW^2021-12-25 10:23:25^4850882181^^
^PWTRAIL=2634650^-1802085079^53975117^--^--^^^^-1801942848^56729472^4276472796^^1^^1^134^^^0^0^4246014965^^^972^--^PWTRAIL=2634650^5300HWCSEESPd98d470ac3899115^^^^^^^^^^PWTRAIL=2634650^5300HWCSEPSW6904f02d71456f14^^0^2021-12-25 10:23:25^SYSTEM_NEW^2021-12-17 22:21:13^SYSTEM_NEW^2021-12-25 10:23:25^4850882177^^
^PWTRAIL=2634614^-1802085079^-136587889^--^--^^^^-1801942848^-136525111^4851014457^^1^^1^134^^^0^0^4246014965^^^977^--^PWTRAIL=2634614^5300HWCSEESP2611237d070ace7f^^^^^^^^^^PWTRAIL=2634614^5300HWCSEPSWb714a05486186dc3^^0^2021-12-25 10:23:25^SYSTEM_NEW^2021-12-17 22:21:13^SYSTEM_NEW^2021-12-25 10:23:25^4850882178^^
^PWTRAIL=2634560^53981772^53980077^4193^4193^^^^57438000^57293760^4851014309^^1^^1^10304^^^0^0^4246014965^^^^^PWTRAIL=2634560^5300HWCSEETPa3eeb4215d33f2e4^^^^^^^^^^PWTRAIL=2634560^5300HWCSEPSWb776ca1a8111c4ce^^0^2021-12-25 10:23:25^SYSTEM_NEW^2021-12-17 22:21:13^SYSTEM_NEW^2021-12-25 10:23:25^4850882185^^
^PWTRAIL=2634559^53981772^53980077^4193^4193^^^^57438000^57328251^4851014309^^1^^1^10304^^^0^0^4246014965^^^^^PWTRAIL=2634559^5300HWCSEETP31e1aa593d3ffd75^^^^^^^^^^PWTRAIL=2634559^5300HWCSEPSW62ad29585dedee11^^0^2021-12-25 10:23:25^SYSTEM_NEW^2021-12-17 22:21:13^SYSTEM_NEW^2021-12-25 10:23:25^4850882186^^
^PWTRAIL=2634558^53981772^53980077^4193^4193^^^^57438000^57329005^4851014309^^1^^1^10304^^^0^0^4246014965^^^^^PWTRAIL=2634558^5300HWCSEETPe81a335bc8180411^^^^^^^^^^PWTRAIL=2634558^5300HWCSEPSW66275ec623e85f65^^0^2021-12-25 10:23:25^SYSTEM_NEW^2021-12-17 22:21:13^SYSTEM_NEW^2021-12-25 10:23:25^4850882187^^
^PWTRAIL=2634563^53981772^53980077^4193^4193^^^^57438000^57295284^4851014309^^1^^1^10304^^^0^0^4246014965^^^^^PWTRAIL=2634563^5300HWCSEETP61ca3a10f258a645^^^^^^^^^^PWTRAIL=2634563^5300HWCSEPSW45d7ea9344521076^^0^2021-12-25 10:23:26^SYSTEM_NEW^2021-12-17 22:21:14^SYSTEM_NEW^2021-12-25 10:23:26^4850882188^^
^PWTRAIL=2634696^-1802085079^54024748^--^--^^^^-1801942848^-257676102^4276492113^^1^^1^134^^^0^0^4246014965^^^956^--^PWTRAIL=2634696^5300HWCSEESP2b2533377c85648c^^^^^^^^^^PWTRAIL=2634696^5300HWCSEPSWb163c89939dc40ac^^0^2021-12-25 10:23:26^SYSTEM_NEW^2021-12-17 22:21:14^SYSTEM_NEW^2021-12-25 10:23:26^4850882189^^
^PWTRAIL=2634503^53982245^53976953^4193^4193^^^^57443260^-726307416^4851014950^^1^^1^10304^^^0^0^4246014965^^^^^PWTRAIL=2634503^5300HWCSEETP8242ff50db4f860a^^^^^^^^^^PWTRAIL=2634503^5300HWCSEPSW4b1b73f86953ca89^^0^2021-12-25 10:23:26^SYSTEM_NEW^2021-12-17 22:21:14^SYSTEM_NEW^2021-12-25 10:23:26^4850882190^^
^PWTRAIL=2634546^53981772^-1901255030^4193^4193^^^^57437999^-1894954908^4851014299^^1^^1^10304^^^0^0^4246014965^^^^^PWTRAIL=2634546^5300HWCSEETP1c2074d602a3657d^^^^^^^^^^PWTRAIL=2634546^5300HWCSEPSW05274620914671e9^^0^2021-12-25 10:23:30^SYSTEM_NEW^2021-12-17 22:21:21^SYSTEM_NEW^2021-12-25 10:23:30^4850882199^^
^PWTRAIL=2634580^-1802085079^234076186^--^--^^^^-1801942848^234085644^4276499387^^1^^1^134^^^0^0^4246014965^^^981^--^PWTRAIL=2634580^5300HWCSEESP715ef4c117152f45^^^^^^^^^^PWTRAIL=2634580^5300HWCSEPSWd9b10eafb492c626^^0^2021-12-25 10:23:26^SYSTEM_NEW^2021-12-17 22:21:14^SYSTEM_NEW^2021-12-25 10:23:26^4850882197^^
^PWTRAIL=2634689^-1802085079^53985669^--^--^^^^-1801942848^-309367159^4276474626^^1^^1^134^^^0^0^4246014965^^^807^--^PWTRAIL=2634689^5300HWCSEESP162c2b527f1f7a1f^^^^^^^^^^PWTRAIL=2634689^5300HWCSEPSW4a624bc84ea7fa95^^0^2021-12-25 10:23:26^SYSTEM_NEW^2021-12-17 22:21:14^SYSTEM_NEW^2021-12-25 10:23:26^4850882191^^
^PWTRAIL=2634657^-1802085079^937602157^--^--^^^^-1801942848^-1738639099^4276469790^^1^^1^134^^^0^0^4246014965^^^965^--^PWTRAIL=2634657^5300HWCSEESP0e03eff3277f4150^^^^^^^^^^PWTRAIL=2634657^5300HWCSEPSWa3ce9437c7942691^^0^2021-12-25 10:23:26^SYSTEM_NEW^2021-12-17 22:21:14^SYSTEM_NEW^2021-12-25 10:23:26^4850882192^^
^PWTRAIL=2634643^53963321^2955971070^--^--^^^^56166344^2955977431^4841329835^^1^^1^10304^^^0^0^4246014965^^^1239^1239^PWTRAIL=2634643^5300HWCSEESP99dea8c84275b72e^^^^^^^^^^PWTRAIL=2634643^5300HWCSEPSW6c7928d4e3f234bf^^0^2021-12-25 10:23:26^SYSTEM_NEW^2021-12-17 22:21:14^SYSTEM_NEW^2021-12-25 10:23:26^4850882193^^
^PWTRAIL=2634636^-1802085079^233407238^--^--^^^^-1801942848^-1901596217^4276478789^^1^^1^134^^^0^0^4246014965^^^973^--^PWTRAIL=2634636^5300HWCSEESP873b57a012144528^^^^^^^^^^PWTRAIL=2634636^5300HWCSEPSW28d35c8eb62073ec^^0^2021-12-25 10:23:26^SYSTEM_NEW^2021-12-17 22:21:14^SYSTEM_NEW^2021-12-25 10:23:26^4850882194^^
^PWTRAIL=2634587^-1802085079^2932108739^--^--^^^^-1801942848^2932112369^4741121565^^1^^1^134^^^0^0^4246014965^^^979^--^PWTRAIL=2634587^5300HWCSEESPd388a9078d72daa9^^^^^^^^^^PWTRAIL=2634587^5300HWCSEPSWaa1c6e1c12de1249^^0^2021-12-25 10:23:26^SYSTEM_NEW^2021-12-17 22:21:14^SYSTEM_NEW^2021-12-25 10:23:26^4850882195^^
^PWTRAIL=2634569^-1802085079^-150287006^--^--^^^^-1801942848^-150278607^4851014434^^1^^1^134^^^0^0^4246014965^^^988^--^PWTRAIL=2634569^5300HWCSEESP73974ef975c825d9^^^^^^^^^^PWTRAIL=2634569^5300HWCSEPSW555b861a91f4c067^^0^2021-12-25 10:23:26^SYSTEM_NEW^2021-12-17 22:21:14^SYSTEM_NEW^2021-12-25 10:23:26^4850882196^^
^PWTRAIL=2634564^53981772^-1912124105^4193^4193^^^^57438000^-1911745960^4851014146^^1^^1^10304^^^0^0^4246014965^^^^^PWTRAIL=2634564^5300HWCSEETP9eb9a88ae44c64ee^^^^^^^^^^PWTRAIL=2634564^5300HWCSEPSW861ba3c108b59877^^0^2021-12-25 10:23:26^SYSTEM_NEW^2021-12-17 22:21:14^SYSTEM_NEW^2021-12-25 10:23:26^4850882198^^
^PWTRAIL=2634545^53981772^-1901255030^4193^4193^^^^57437999^-1894954909^4851014299^^1^^1^10304^^^0^0^4246014965^^^^^PWTRAIL=2634545^5300HWCSEETP5d523039f6010fda^^^^^^^^^^PWTRAIL=2634545^5300HWCSEPSWf6e08323bafb84f0^^0^2021-12-25 10:23:30^SYSTEM_NEW^2021-12-17 22:21:21^SYSTEM_NEW^2021-12-25 10:23:30^4850882200^^
^PWTRAIL=2634544^53981772^-1901255030^4193^4193^^^^57437999^-1894954910^4851014299^^1^^1^10304^^^0^0^4246014965^^^^^PWTRAIL=2634544^5300HWCSEETP9aea8951ceaffdba^^^^^^^^^^PWTRAIL=2634544^5300HWCSEPSW4865f746e4cb9c4b^^0^2021-12-25 10:23:30^SYSTEM_NEW^2021-12-17 22:21:21^SYSTEM_NEW^2021-12-25 10:23:30^4850882201^^
^PWTRAIL=2634539^53981772^1422096523^4193^4193^^^^57437999^1470366460^4851014297^^1^^1^10304^^^0^0^4246014965^^^^^PWTRAIL=2634539^5300HWCSEETP2d4b9def955d2ab1^^^^^^^^^^PWTRAIL=2634539^5300HWCSEPSW828db337bb1b0388^^0^2021-12-25 10:23:32^SYSTEM_NEW^2021-12-17 22:21:25^SYSTEM_NEW^2021-12-25 10:23:32^4850882202^^
^PWTRAIL=2634538^53981772^1422096523^4193^4193^^^^57437999^1470366467^4851014297^^1^^1^10304^^^0^0^4246014965^^^^^PWTRAIL=2634538^5300HWCSEETPec54f8053da3e3d2^^^^^^^^^^PWTRAIL=2634538^5300HWCSEPSW4578b0a65964df80^^0^2021-12-25 10:23:32^SYSTEM_NEW^2021-12-17 22:21:25^SYSTEM_NEW^2021-12-25 10:23:32^4850882203^^
^PWTRAIL=2634537^53981772^1422096523^4193^4193^^^^57437999^1470366463^4851014297^^1^^1^10304^^^0^0^4246014965^^^^^PWTRAIL=2634537^5300HWCSEETPb938a612ad2808b9^^^^^^^^^^PWTRAIL=2634537^5300HWCSEPSW91a91d2a48e4d8e0^^0^2021-12-25 10:23:32^SYSTEM_NEW^2021-12-17 22:21:25^SYSTEM_NEW^2021-12-25 10:23:32^4850882204^^
^PWTRAIL=2634509^53982245^53962019^4193^4193^^^^57336412^3647704319^4851014204^^1^^1^10304^^^0^0^4246014965^^^^^PWTRAIL=2634509^5300HWCSEETP6f5f9bab235b56c9^^^^^^^^^^PWTRAIL=2634509^5300HWCSEPSWd365ed0d7ceb2cf5^^0^2021-12-25 10:23:32^SYSTEM_NEW^2021-12-17 22:21:25^SYSTEM_NEW^2021-12-25 10:23:32^4850882205^^
^PWTRAIL=2634508^53982245^53962019^4193^4193^^^^57336412^3647704262^4851014204^^1^^1^10304^^^0^0^4246014965^^^^^PWTRAIL=2634508^5300HWCSEETP38e93b312ba29393^^^^^^^^^^PWTRAIL=2634508^5300HWCSEPSWf5e7aefe7cf06808^^0^2021-12-25 10:23:32^SYSTEM_NEW^2021-12-17 22:21:25^SYSTEM_NEW^2021-12-25 10:23:32^4850882206^^
^PWTRAIL=2634507^53982245^53962019^4193^4193^^^^57336412^3647704300^4851014204^^1^^1^10304^^^0^0^4246014965^^^^^PWTRAIL=2634507^5300HWCSEETP479477e6a7bfc3a0^^^^^^^^^^PWTRAIL=2634507^5300HWCSEPSW93306bdcd292955e^^0^2021-12-25 10:23:32^SYSTEM_NEW^2021-12-17 22:21:25^SYSTEM_NEW^2021-12-25 10:23:32^4850882207^^
^PWTRAIL=2633809^-1128474153^-1128474154^--^--^^^^-1119218992^-1119219038^4276551068^^1^^1^74^^^0^0^4246014965^^^314^314^PWTRAIL=2633809^5300HWCSEESPcecae87383f925df^^^^^^^^^^PWTRAIL=2633809^5300HWCSEPSWecf867912aa6ce5c^^0^2021-12-25 10:23:29^SYSTEM_NEW^2021-12-17 22:21:26^SYSTEM_NEW^2021-12-25 10:23:29^4850882209^^
^PWTRAIL=2633808^53974023^-1128474154^--^--^^^^55500390^-1119219038^4777236354^^1^^1^82^^^0^0^4246014965^^^1509^314^PWTRAIL=2633808^5300HWCSEESP4112e8ebbacd7499^^^^^^^^^^PWTRAIL=2633808^5300HWCSEPSW49d4f4e4870d993d^^0^2021-12-25 10:23:29^SYSTEM_NEW^2021-12-17 22:21:26^SYSTEM_NEW^2021-12-25 10:23:29^4850882210^^
^PWTRAIL=2633807^53974023^-1128474153^--^--^^^^55500390^-1119218992^4777236351^^1^^1^82^^^0^0^4246014965^^^1509^314^PWTRAIL=2633807^5300HWCSEESP4112e8ebbacd7499^^^^^^^^^^PWTRAIL=2633807^5300HWCSEPSW899294f389fb8ff6^^0^2021-12-25 10:23:29^SYSTEM_NEW^2021-12-17 22:21:26^SYSTEM_NEW^2021-12-25 10:23:29^4850882211^^
^PWTRAIL=2634573^-1802085079^239854395^--^--^^^^-1801942848^3813175694^4276499761^^1^^1^134^^^0^0^4246014965^^^982^--^PWTRAIL=2634573^5300HWCSEESP84c0c85c03a76b55^^^^^^^^^^PWTRAIL=2634573^5300HWCSEPSW601f6fdb52a358db^^0^2021-12-25 10:23:35^SYSTEM_NEW^2021-12-17 22:21:31^SYSTEM_NEW^2021-12-25 10:23:35^4850882212^^
^PWTRAIL=2634567^-1802085079^-1833916176^--^--^^^^-1801942848^3819044757^4276503271^^1^^1^134^^^0^0^4246014965^^^994^--^PWTRAIL=2634567^5300HWCSEESP6b651031beb53cf3^^^^^^^^^^PWTRAIL=2634567^5300HWCSEPSW5dcd6b1e98d611f4^^0^2021-12-25 10:23:35^SYSTEM_NEW^2021-12-17 22:21:31^SYSTEM_NEW^2021-12-25 10:23:35^4850882213^^
^PWTRAIL=2634566^-1802085079^-115268544^--^--^^^^-1801942848^-115206559^4276504780^^1^^1^134^^^0^0^4246014965^^^995^--^PWTRAIL=2634566^5300HWCSEESPf64184dd3d9e47c2^^^^^^^^^^PWTRAIL=2634566^5300HWCSEPSW597d92831a015e67^^0^2021-12-25 10:23:35^SYSTEM_NEW^2021-12-17 22:21:31^SYSTEM_NEW^2021-12-25 10:23:35^4850882214^^
^PWTRAIL=2634565^-1802085079^54003829^--^--^^^^-1801942848^58258668^4276472519^^1^^1^134^^^0^0^4246014965^^^996^--^PWTRAIL=2634565^5300HWCSEESPf81df81983478cd6^^^^^^^^^^PWTRAIL=2634565^5300HWCSEPSWe8306f6c123e48a8^^0^2021-12-25 10:23:35^SYSTEM_NEW^2021-12-17 22:21:31^SYSTEM_NEW^2021-12-25 10:23:35^4850882215^^
^PWTRAIL=2634470^53981772^53984861^4193^4193^^^^57336408^57558816^4851014235^^1^^1^10304^^^0^0^4246014965^^^^^PWTRAIL=2634470^5300HWCSEETPcc6c921affe00d9d^^^^^^^^^^PWTRAIL=2634470^5300HWCSEPSW29723bcc78f4fc0f^^0^2021-12-25 10:23:39^SYSTEM_NEW^2021-12-17 22:21:36^SYSTEM_NEW^2021-12-25 10:23:39^4850882216^^
^PWTRAIL=2634469^53981772^53984861^4193^4193^^^^57336408^57561359^4851014235^^1^^1^10304^^^0^0^4246014965^^^^^PWTRAIL=2634469^5300HWCSEETPaf257d9fee3f43ad^^^^^^^^^^PWTRAIL=2634469^5300HWCSEPSW8576a1f7e594ab1d^^0^2021-12-25 10:23:39^SYSTEM_NEW^2021-12-17 22:21:36^SYSTEM_NEW^2021-12-25 10:23:39^4850882217^^
^PWTRAIL=2634468^53981772^53984861^4193^4193^^^^57336408^57558809^4851014235^^1^^1^10304^^^0^0^4246014965^^^^^PWTRAIL=2634468^5300HWCSEETPd28e14957ffc61ce^^^^^^^^^^PWTRAIL=2634468^5300HWCSEPSW84e64c4a033b2714^^0^2021-12-25 10:23:39^SYSTEM_NEW^2021-12-17 22:21:36^SYSTEM_NEW^2021-12-25 10:23:39^4850882218^^
^PWTRAIL=2634467^53981772^53984861^4193^4193^^^^57336408^57593647^4851014235^^1^^1^10304^^^0^0^4246014965^^^^^PWTRAIL=2634467^5300HWCSEETP66d5bce7539f22f6^^^^^^^^^^PWTRAIL=2634467^5300HWCSEPSW00d7b5998d6dc43d^^0^2021-12-25 10:23:39^SYSTEM_NEW^2021-12-17 22:21:36^SYSTEM_NEW^2021-12-25 10:23:39^4850882219^^
^PWTRAIL=2634466^53981772^53984861^4193^4193^^^^57336408^57558813^4851014235^^1^^1^10304^^^0^0^4246014965^^^^^PWTRAIL=2634466^5300HWCSEETP10940e6903cb14b1^^^^^^^^^^PWTRAIL=2634466^5300HWCSEPSWcf5fcd2216509ac9^^0^2021-12-25 10:23:39^SYSTEM_NEW^2021-12-17 22:21:36^SYSTEM_NEW^2021-12-25 10:23:39^4850882220^^
^PWTRAIL=2635318^-1822504820^-1822504821^--^--^^^^-279012505^-279012560^4276528627^^1^^1^103^^^0^0^4246014965^^^1550^1550^PWTRAIL=2635318^5300HWCSEESP4851170daf438f6d^^^^^^^^^^PWTRAIL=2635318^5300HWCSEPSWafae4b1baac8e595^^0^2021-12-25 10:24:29^SYSTEM_NEW^2021-12-17 22:22:31^SYSTEM_NEW^2021-12-25 10:24:29^4850882229^^
^PWTRAIL=2635317^3716302931^-1822504821^--^--^^^^4844862625^-279012560^4276542875^^1^^1^106^^^0^0^4246014965^^^1550^1550^PWTRAIL=2635317^5300HWCSEESPe02ab8a2285cbec2^^^^^^^^^^PWTRAIL=2635317^5300HWCSEPSW182f277c657683a2^^0^2021-12-25 10:24:29^SYSTEM_NEW^2021-12-17 22:22:31^SYSTEM_NEW^2021-12-25 10:24:29^4850882230^^
^PWTRAIL=2635316^3716302931^-1822504820^--^--^^^^4844862625^-279012505^4276542876^^1^^1^106^^^0^0^4246014965^^^1550^1550^PWTRAIL=2635316^5300HWCSEESPe02ab8a2285cbec2^^^^^^^^^^PWTRAIL=2635316^5300HWCSEPSW4e051b11307bac04^^0^2021-12-25 10:24:29^SYSTEM_NEW^2021-12-17 22:22:31^SYSTEM_NEW^2021-12-25 10:24:29^4850882231^^
^PWTRAIL=2633950^-1822504818^-1822504819^--^--^^^^-279012489^-279012466^4276521830^^1^^1^103^^^0^0^4246014965^^^303^303^PWTRAIL=2633950^5300HWCSEESPccfd3d9e4f189f34^^^^^^^^^^PWTRAIL=2633950^5300HWCSEPSW580026b7913c8237^^0^2021-12-17 22:22:34^SYSTEM_NEW^2021-12-17 22:22:34^^^4850882235^^
^PWTRAIL=2633949^-311306665^-1822504819^--^--^^^^-311287452^-279012466^4276514884^^1^^1^110^^^0^0^4246014965^^^303^303^PWTRAIL=2633949^5300HWCSEESPf304c117dd324139^^^^^^^^^^PWTRAIL=2633949^5300HWCSEPSWdf62cceee538cc79^^0^2021-12-17 22:22:34^SYSTEM_NEW^2021-12-17 22:22:34^^^4850882236^^
^PWTRAIL=2633948^-311306665^-1822504818^--^--^^^^-311287452^-279012489^4276514883^^1^^1^110^^^0^0^4246014965^^^303^303^PWTRAIL=2633948^5300HWCSEESPf304c117dd324139^^^^^^^^^^PWTRAIL=2633948^5300HWCSEPSW22bca480e27deecb^^0^2021-12-17 22:22:34^SYSTEM_NEW^2021-12-17 22:22:34^^^4850882237^^
^PWTRAIL=2614895^-1953251219^54017435^--^--^^^^4088944509^4714422397^4717511145^^1^^1^75^^^0^0^4246014965^^^1671^1671^PWTRAIL=2614895^5300HWCSEESP08edd7df528a6bff^^^^^^^^^^PWTRAIL=2614895^5300HWCSEPSW9ec9d13103e9c17d^^0^2021-12-25 10:24:33^SYSTEM_NEW^2021-12-17 22:22:35^SYSTEM_NEW^2021-12-25 10:24:33^4850882239^^
^PWTRAIL=2614894^-1953251219^53977817^--^--^^^^4088944509^4714422414^4717511143^^1^^1^75^^^0^0^4246014965^^^1671^1671^PWTRAIL=2614894^5300HWCSEESP08edd7df528a6bff^^^^^^^^^^PWTRAIL=2614894^5300HWCSEPSWdac47a5492fec784^^0^2021-12-25 10:24:33^SYSTEM_NEW^2021-12-17 22:22:35^SYSTEM_NEW^2021-12-25 10:24:33^4850882240^^
^PWTRAIL=2633959^-1802085079^53985407^--^--^^^^-1801942848^-1222660045^4276470286^^1^^1^134^^^0^0^4246014965^^^701^--^PWTRAIL=2633959^5300HWCSEESP8648f2203936dd08^^^^^^^^^^PWTRAIL=2633959^5300HWCSEPSWd7937825069e1918^^0^2021-12-25 10:24:51^SYSTEM_NEW^2021-12-17 22:22:57^SYSTEM_NEW^2021-12-25 10:24:51^4850882243^^
^PWTRAIL=2634435^-1962930541^-1822504820^--^--^^^^-1962368792^-279012505^4276507646^^1^^1^106^^^0^0^4246014965^^^1551^1551^PWTRAIL=2634435^5300HWCSEESP4c2849e3e69509df^^^^^^^^^^PWTRAIL=2634435^5300HWCSEPSW6eaa0c3f2d9c60fe^^0^2021-12-25 10:24:55^SYSTEM_NEW^2021-12-17 22:23:04^SYSTEM_NEW^2021-12-25 10:24:55^4850882244^^
^PWTRAIL=2634437^-1822504820^-1822504821^--^--^^^^-279012505^-279012560^4276525855^^1^^1^103^^^0^0^4246014965^^^1551^1551^PWTRAIL=2634437^5300HWCSEESP2a9088cba7e2299a^^^^^^^^^^PWTRAIL=2634437^5300HWCSEPSW49042b3f936cd609^^0^2021-12-25 10:24:55^SYSTEM_NEW^2021-12-17 22:23:05^SYSTEM_NEW^2021-12-25 10:24:55^4850882245^^
^PWTRAIL=2634436^-1962930541^-1822504821^--^--^^^^-1962368792^-279012560^4276523093^^1^^1^106^^^0^0^4246014965^^^1551^1551^PWTRAIL=2634436^5300HWCSEESP4c2849e3e69509df^^^^^^^^^^PWTRAIL=2634436^5300HWCSEPSWf127ed0f44ceed61^^0^2021-12-25 10:24:55^SYSTEM_NEW^2021-12-17 22:23:05^SYSTEM_NEW^2021-12-25 10:24:55^4850882246^^
^PWTRAIL=2634496^53982245^-1339390288^4193^4193^^^^57443260^-1338557796^4851014212^^1^^1^10304^^^0^0^4246014965^^^^^PWTRAIL=2634496^5300HWCSEETP3c63e2744d43f5d9^^^^^^^^^^PWTRAIL=2634496^5300HWCSEPSW92e67e1bef89988b^^0^2021-12-25 10:25:01^SYSTEM_NEW^2021-12-17 22:23:06^SYSTEM_NEW^2021-12-25 10:25:01^4850882247^^
^PWTRAIL=2614896^53977817^54017435^--^--^^^^4714422414^4714422397^4710636857^^1^^1^75^^^0^0^4246014965^^^1671^1671^PWTRAIL=2614896^5300HWCSEESPe4adfc0ebbc5bb14^^^^^^^^^^PWTRAIL=2614896^5300HWCSEPSW2faaefdf786c2843^^0^2021-12-25 10:24:33^SYSTEM_NEW^2021-12-17 22:22:35^SYSTEM_NEW^2021-12-25 10:24:33^4850882238^^
^PWTRAIL=2635315^145478374^3776028696^--^--^^^^147779913^3776144326^4851014219^^1^^1^453646^^^0^0^4246014965^^^55^55^PWTRAIL=2635315^5300HWCSEESP28754d322ea6dd28^^^^^^^^^^PWTRAIL=2635315^5300HWCSEPSW65e002d51ed3232b^^0^2021-12-25 10:24:29^SYSTEM_NEW^2021-12-17 22:22:31^SYSTEM_NEW^2021-12-25 10:24:29^4850882232^^
^PWTRAIL=25.90.26.25_25.91.1.4_256344_5^2757213485^53966832^--^--^^^^2757277086^56299241^4851014350^^1^^1^110^^^0^0^4246014965^^^--^--^PWTRAIL=25.90.26.25_25.91.1.4_256344_5^5300HWCSEESPcd479986938a945b^^^^^^^^^^PWTRAIL=25.90.26.25_25.91.1.4_256344_5^5300HWCSEPSW83b89934ae2729e9^^0^2021-12-25 10:24:29^SYSTEM_NEW^2021-12-17 22:22:31^SYSTEM_NEW^2021-12-25 10:24:29^4850882233^^
^PWTRAIL=2633961^-1802085079^53991721^--^--^^^^-1801942848^122670822^4276476304^^1^^1^134^^^0^0^4246014965^^^713^--^PWTRAIL=2633961^5300HWCSEESP3764a2cae1ba2ef5^^^^^^^^^^PWTRAIL=2633961^5300HWCSEPSW28944b6b8344a55a^^0^2021-12-25 10:24:29^SYSTEM_NEW^2021-12-17 22:22:34^SYSTEM_NEW^2021-12-25 10:24:29^4850882234^^
^PWTRAIL=2634472^53981772^-1587291948^4193^4193^^^^57437264^-1256465868^4822857583^^1^^1^10304^^^0^0^4246014965^^^^^PWTRAIL=2634472^5300HWCSEETP72aa52003309007e^^^^^^^^^^PWTRAIL=2634472^5300HWCSEPSWc0710238da474f1b^^0^2021-12-25 10:25:01^SYSTEM_NEW^2021-12-17 22:23:06^SYSTEM_NEW^2021-12-25 10:25:01^4850882248^^
^PWTRAIL=2634471^53981772^53984861^4193^4193^^^^57438000^57560131^4851014235^^1^^1^10304^^^0^0^4246014965^^^^^PWTRAIL=2634471^5300HWCSEETPfcb24d608e9091d5^^^^^^^^^^PWTRAIL=2634471^5300HWCSEPSW8f6b4931e4b13640^^0^2021-12-25 10:25:01^SYSTEM_NEW^2021-12-17 22:23:06^SYSTEM_NEW^2021-12-25 10:25:01^4850882249^^
^PWTRAIL=2634458^53981772^-1709897214^4193^4193^^^^57336408^-1708209314^4851014237^^1^^1^10304^^^0^0^4246014965^^^^^PWTRAIL=2634458^5300HWCSEETPe3dacd4c415d75c2^^^^^^^^^^PWTRAIL=2634458^5300HWCSEPSW9079f224426ed48b^^0^2021-12-25 10:25:07^SYSTEM_NEW^2021-12-17 22:23:14^SYSTEM_NEW^2021-12-25 10:25:07^4850882250^^
^PWTRAIL=2634457^53981772^-1709897214^4193^4193^^^^57336408^-726109381^4851014237^^1^^1^10304^^^0^0^4246014965^^^^^PWTRAIL=2634457^5300HWCSEETPeb755eae7ed6403f^^^^^^^^^^PWTRAIL=2634457^5300HWCSEPSW0a6b2a8598ca9504^^0^2021-12-25 10:25:07^SYSTEM_NEW^2021-12-17 22:23:14^SYSTEM_NEW^2021-12-25 10:25:07^4850882251^^
^PWTRAIL=2634456^53981772^-1709897214^4193^4193^^^^57336408^-726109383^4851014237^^1^^1^10304^^^0^0^4246014965^^^^^PWTRAIL=2634456^5300HWCSEETP1807218276058ca9^^^^^^^^^^PWTRAIL=2634456^5300HWCSEPSWe34570fa9c169897^^0^2021-12-25 10:25:07^SYSTEM_NEW^2021-12-17 22:23:14^SYSTEM_NEW^2021-12-25 10:25:07^4850882252^^
^PWTRAIL=2634455^53981772^-1709897214^4193^4193^^^^57336408^-1708209312^4851014237^^1^^1^10304^^^0^0^4246014965^^^^^PWTRAIL=2634455^5300HWCSEETPe02b2cb735917ff5^^^^^^^^^^PWTRAIL=2634455^5300HWCSEPSWaaae6dc16b614170^^0^2021-12-25 10:25:07^SYSTEM_NEW^2021-12-17 22:23:14^SYSTEM_NEW^2021-12-25 10:25:07^4850882253^^
^PWTRAIL=2634459^53981772^-1709897214^4193^4193^^^^57336408^-726109384^4851014237^^1^^1^10304^^^0^0^4246014965^^^^^PWTRAIL=2634459^5300HWCSEETPd3f76a06b6a37114^^^^^^^^^^PWTRAIL=2634459^5300HWCSEPSW37393193b148c987^^0^2021-12-25 10:25:07^SYSTEM_NEW^2021-12-17 22:23:14^SYSTEM_NEW^2021-12-25 10:25:07^4850882254^^
^PWTRAIL=2634521^53981772^-1912124105^4193^4193^^^^57437999^-1911745967^4851014146^^1^^1^10304^^^0^0^4246014965^^^^^PWTRAIL=2634521^5300HWCSEETPc8a45b46d118f0ba^^^^^^^^^^PWTRAIL=2634521^5300HWCSEPSW5bed16a4817ff189^^0^2021-12-25 10:25:07^SYSTEM_NEW^2021-12-17 22:23:14^SYSTEM_NEW^2021-12-25 10:25:07^4850882255^^
^PWTRAIL=2634520^53981772^-1912124105^4193^4193^^^^57437999^-1911745965^4851014146^^1^^1^10304^^^0^0^4246014965^^^^^PWTRAIL=2634520^5300HWCSEETP1d84abdd700e3c42^^^^^^^^^^PWTRAIL=2634520^5300HWCSEPSWf637a117d934f5b5^^0^2021-12-25 10:25:07^SYSTEM_NEW^2021-12-17 22:23:14^SYSTEM_NEW^2021-12-25 10:25:07^4850882256^^
^PWTRAIL=2634519^53981772^-1912124105^4193^4193^^^^57437999^-1911745968^4851014146^^1^^1^10304^^^0^0^4246014965^^^^^PWTRAIL=2634519^5300HWCSEETPaa9156e529eb9db7^^^^^^^^^^PWTRAIL=2634519^5300HWCSEPSWe6c5703d51798d0d^^0^2021-12-25 10:25:07^SYSTEM_NEW^2021-12-17 22:23:14^SYSTEM_NEW^2021-12-25 10:25:07^4850882257^^
^PWTRAIL=2634518^53981772^-1912124105^4193^4193^^^^57437999^-1911745963^4851014146^^1^^1^10304^^^0^0^4246014965^^^^^PWTRAIL=2634518^5300HWCSEETP991850d251d2ba7e^^^^^^^^^^PWTRAIL=2634518^5300HWCSEPSWf1c1be253c2b5cfc^^0^2021-12-25 10:25:07^SYSTEM_NEW^2021-12-17 22:23:14^SYSTEM_NEW^2021-12-25 10:25:07^4850882258^^
^PWTRAIL=2634517^53981772^-1912124105^4193^4193^^^^57437999^-1911745966^4851014146^^1^^1^10304^^^0^0^4246014965^^^^^PWTRAIL=2634517^5300HWCSEETP63d5fa42009ccd8c^^^^^^^^^^PWTRAIL=2634517^5300HWCSEPSW65fced49b63d730c^^0^2021-12-25 10:25:07^SYSTEM_NEW^2021-12-17 22:23:14^SYSTEM_NEW^2021-12-25 10:25:07^4850882259^^
^PWTRAIL=2634495^53982245^-1339390288^4193^4193^^^^57443260^-1338557786^4851014212^^1^^1^10304^^^0^0^4246014965^^^^^PWTRAIL=2634495^5300HWCSEETPc82687d338070b95^^^^^^^^^^PWTRAIL=2634495^5300HWCSEPSWa46e90680b581e6c^^0^2021-12-25 10:25:12^SYSTEM_NEW^2021-12-17 22:23:26^SYSTEM_NEW^2021-12-25 10:25:12^4850882272^^
^PWTRAIL=2634494^53982245^-1339390288^4193^4193^^^^57443260^-1338557787^4851014212^^1^^1^10304^^^0^0^4246014965^^^^^PWTRAIL=2634494^5300HWCSEETP2738fa6992563a5d^^^^^^^^^^PWTRAIL=2634494^5300HWCSEPSWc529dc8a1cdddd9a^^0^2021-12-25 10:25:12^SYSTEM_NEW^2021-12-17 22:23:26^SYSTEM_NEW^2021-12-25 10:25:12^4850882273^^
^PWTRAIL=2634493^53982245^-1339390288^4193^4193^^^^57443260^-1338557785^4851014212^^1^^1^10304^^^0^0^4246014965^^^^^PWTRAIL=2634493^5300HWCSEETP55e45a621520d56d^^^^^^^^^^PWTRAIL=2634493^5300HWCSEPSWd7b44bb43c40e359^^0^2021-12-25 10:25:12^SYSTEM_NEW^2021-12-17 22:23:26^SYSTEM_NEW^2021-12-25 10:25:12^4850882274^^
^PWTRAIL=2634492^53982245^-1339390288^4193^4193^^^^57443260^-1338557788^4851014212^^1^^1^10304^^^0^0^4246014965^^^^^PWTRAIL=2634492^5300HWCSEETPda3d49e466e459b3^^^^^^^^^^PWTRAIL=2634492^5300HWCSEPSWa619ebdcb9cf8ea3^^0^2021-12-25 10:25:12^SYSTEM_NEW^2021-12-17 22:23:26^SYSTEM_NEW^2021-12-25 10:25:12^4850882275^^
^PWTRAIL=2635051^-1802085079^53990088^--^--^^^^-1801942848^57613910^4276468099^^1^^1^134^^^0^0^4246014965^^^880^--^PWTRAIL=2635051^5300HWCSEESP1a0e7a09926f01e3^^^^^^^^^^PWTRAIL=2635051^5300HWCSEPSW633ae5397c7fb16d^^0^2021-12-25 10:25:20^SYSTEM_NEW^2021-12-17 22:23:46^SYSTEM_NEW^2021-12-25 10:25:20^4850882276^^
^PWTRAIL=2634865^-1802085079^-1791750189^--^--^^^^-1801942848^-1791436697^4276473407^^1^^1^134^^^0^0^4246014965^^^910^--^PWTRAIL=2634865^5300HWCSEESP4ba885e0f6d7e47a^^^^^^^^^^PWTRAIL=2634865^5300HWCSEPSW92aea2d117ae1dbb^^0^2021-12-25 10:25:39^SYSTEM_NEW^2021-12-17 22:23:56^SYSTEM_NEW^2021-12-25 10:25:39^4850882277^^
^PWTRAIL=2634864^-1802085079^223484396^--^--^^^^-1801942848^3377833246^4276512993^^1^^1^134^^^0^0^4246014965^^^813^--^PWTRAIL=2634864^5300HWCSEESPcc11f1e8e2353f7f^^^^^^^^^^PWTRAIL=2634864^5300HWCSEPSW18999c9ead56e159^^0^2021-12-25 10:25:39^SYSTEM_NEW^2021-12-17 22:23:56^SYSTEM_NEW^2021-12-25 10:25:39^4850882278^^
^PWTRAIL=2634141^-381928008^-1865829696^20000^64^^^^-381914178^-1865091499^4276435300^^1^^1^19^^^0^0^4246014965^^^144^144^PWTRAIL=2634141^5300HWCSEESPe8edbb65d23edd2a^^^^^^^^^^PWTRAIL=2634141^5300HWCSEPSWf2bfb0e8181fae37^^0^2021-12-25 10:25:35^SYSTEM_NEW^2021-12-17 22:23:56^SYSTEM_NEW^2021-12-25 10:25:35^4850882279^^
^PWTRAIL=2634139^-1828201093^4844732181^--^2934^^^^-1822674180^4844862477^4851014485^^1^^1^131^^^0^0^4246014965^^^^^PWTRAIL=2634139^5300HWCSEETPcd3a02f7fe3411c6^^^^^^^^^^PWTRAIL=2634139^5300HWCSEPSWba7592f0216f259d^^0^2021-12-25 10:25:35^SYSTEM_NEW^2021-12-17 22:23:56^SYSTEM_NEW^2021-12-25 10:25:35^4850882280^^
^PWTRAIL=2634140^-1828201093^4844732181^--^2934^^^^-1822674180^4844862479^4851014485^^1^^1^131^^^0^0^4246014965^^^^^PWTRAIL=2634140^5300HWCSEETP93a4eed5c2d71e39^^^^^^^^^^PWTRAIL=2634140^5300HWCSEPSWca73cdbc2aa43966^^0^2021-12-25 10:25:35^SYSTEM_NEW^2021-12-17 22:23:56^SYSTEM_NEW^2021-12-25 10:25:35^4850882281^^
^PWTRAIL=2634142^-381928008^-1860850937^20000^64^^^^-381914178^-1860076183^4276435301^^1^^1^19^^^0^0^4246014965^^^144^144^PWTRAIL=2634142^5300HWCSEESPe8edbb65d23edd2a^^^^^^^^^^PWTRAIL=2634142^5300HWCSEPSWc129cb93eec467d3^^0^2021-12-25 10:25:35^SYSTEM_NEW^2021-12-17 22:23:56^SYSTEM_NEW^2021-12-25 10:25:35^4850882282^^
^PWTRAIL=2635299^-1684729497^-1865829694^--^--^^^^-1364867265^-1603173196^4851014290^^1^^1^19^^^0^0^4246014965^^^--^--^PWTRAIL=2635299^5300HWCSEESP31a2f462f1a36c0c^^^^^^^^^^PWTRAIL=2635299^5300HWCSEPSWba54eab373116a2c^^0^2021-12-17 22:23:57^SYSTEM_NEW^2021-12-17 22:23:57^^^4850882283^^
^PWTRAIL=2634205^-1396994090^-1745770636^--^--^^^^-1384164664^-277778247^4276386513^^1^^1^21^^^0^0^4246014965^^^478^478^PWTRAIL=2634205^5300HWCSEESP238447f40f494959^^^^^^^^^^PWTRAIL=2634205^5300HWCSEPSWb73fe71a5ba3d5fc^^0^2021-12-25 10:18:13^SYSTEM_NEW^2021-12-17 22:24:22^SYSTEM_NEW^2021-12-25 10:18:13^4850882284^^
^PWTRAIL=2634206^-1396994090^-1745770637^--^--^^^^-1384164664^-277778243^4276386514^^1^^1^21^^^0^0^4246014965^^^478^478^PWTRAIL=2634206^5300HWCSEESP238447f40f494959^^^^^^^^^^PWTRAIL=2634206^5300HWCSEPSWa7f6e83cdbe476f2^^0^2021-12-25 10:18:13^SYSTEM_NEW^2021-12-17 22:24:23^SYSTEM_NEW^2021-12-25 10:18:13^4850882285^^
^PWTRAIL=2634207^-1745770636^-1745770637^--^--^^^^-277778247^-277778243^4276446726^^1^^1^21^^^0^0^4246014965^^^478^478^PWTRAIL=2634207^5300HWCSEESPc1e1ff19dd396616^^^^^^^^^^PWTRAIL=2634207^5300HWCSEPSW6af9e6b54b629034^^0^2021-12-25 10:18:13^SYSTEM_NEW^2021-12-17 22:24:23^SYSTEM_NEW^2021-12-25 10:18:13^4850882286^^
^PWTRAIL=2633962^-1802085079^-1259046887^--^--^^^^-1801942848^-1256703003^4276470694^^1^^1^134^^^0^0^4246014965^^^714^--^PWTRAIL=2633962^5300HWCSEESP1f955f7b77310ef4^^^^^^^^^^PWTRAIL=2633962^5300HWCSEPSWccd5528d68e1c5b9^^0^2021-12-25 10:18:54^SYSTEM_NEW^2021-12-17 22:25:03^SYSTEM_NEW^2021-12-25 10:18:54^4850882288^^
^PWTRAIL=25.69.169.73_27.0.7.151_253616_5^53975025^2445542453^--^--^^^^58279815^2445613622^4851014338^^1^^1^131^^^0^0^4246014965^^^--^--^PWTRAIL=25.69.169.73_27.0.7.151_253616_5^5300HWCSEESP8264b4f78f49f9f2^^^^^^^^^^PWTRAIL=25.69.169.73_27.0.7.151_253616_5^5300HWCSEPSW994a134fdd69416f^^0^2021-12-25 10:18:54^SYSTEM_NEW^2021-12-17 22:25:03^SYSTEM_NEW^2021-12-25 10:18:54^4850882289^^
^PWTRAIL=2634826^-1822504815^-1451380612^--^--^^^^-1818519295^-1449333682^4276541043^^1^^1^103^^^0^0^4246014965^^^664^664^PWTRAIL=2634826^5300HWCSEESP68e87eeaf2708914^^^^^^^^^^PWTRAIL=2634826^5300HWCSEPSW34e86b47b6d7ce68^^0^2021-12-25 10:20:04^SYSTEM_NEW^2021-12-17 22:26:58^SYSTEM_NEW^2021-12-25 10:20:04^4850882324^^
^PWTRAIL=2634825^-1802085079^53985407^--^--^^^^-1801942848^-1222660044^4276470286^^1^^1^134^^^0^0^4246014965^^^812^--^PWTRAIL=2634825^5300HWCSEESPbeea60388ec8cae0^^^^^^^^^^PWTRAIL=2634825^5300HWCSEPSW80430a2b226dd2f5^^0^2021-12-25 10:20:04^SYSTEM_NEW^2021-12-17 22:26:58^SYSTEM_NEW^2021-12-25 10:20:04^4850882325^^
^PWTRAIL=2633970^-1822504818^-1822504819^--^--^^^^-279012489^-279012466^4276521830^^1^^1^103^^^0^0^4246014965^^^1302^1302^PWTRAIL=2633970^5300HWCSEESP787e39808e374d3e^^^^^^^^^^PWTRAIL=2633970^5300HWCSEPSW80cebe0f5f28d48b^^0^2021-12-17 22:27:13^SYSTEM_NEW^2021-12-17 22:27:13^^^4850882326^^
^PWTRAIL=2633968^-311306665^-1822504818^--^--^^^^-311287451^-279012489^4276514883^^1^^1^110^^^0^0^4246014965^^^1302^1302^PWTRAIL=2633968^5300HWCSEESP00f8f44ac34cdde6^^^^^^^^^^PWTRAIL=2633968^5300HWCSEPSW3cce6670062194f3^^0^2021-12-17 22:27:13^SYSTEM_NEW^2021-12-17 22:27:13^^^4850882328^^
^PWTRAIL=2633969^-311306665^-1822504819^--^--^^^^-311287451^-279012466^4276514884^^1^^1^110^^^0^0^4246014965^^^1302^1302^PWTRAIL=2633969^5300HWCSEESP00f8f44ac34cdde6^^^^^^^^^^PWTRAIL=2633969^5300HWCSEPSWc1a94b325a3cbc9e^^0^2021-12-17 22:27:13^SYSTEM_NEW^2021-12-17 22:27:13^^^4850882327^^
^PWTRAIL=2634914^-1802085079^-1949843312^--^--^^^^-1801942848^-1778798680^4276482977^^1^^1^134^^^0^0^4246014965^^^831^--^PWTRAIL=2634914^5300HWCSEESP78a51781bb44ab4d^^^^^^^^^^PWTRAIL=2634914^5300HWCSEPSW0025c805da691d8b^^0^2021-12-25 10:20:26^SYSTEM_NEW^2021-12-17 22:27:26^SYSTEM_NEW^2021-12-25 10:20:26^4850882537^^
^PWTRAIL=2634913^-1802085079^239854738^--^--^^^^-1801942848^1792072533^4276475235^^1^^1^134^^^0^0^4246014965^^^888^--^PWTRAIL=2634913^5300HWCSEESP4f2ed127d753f479^^^^^^^^^^PWTRAIL=2634913^5300HWCSEPSW4c2f49c1c4a1f202^^0^2021-12-25 10:20:26^SYSTEM_NEW^2021-12-17 22:27:26^SYSTEM_NEW^2021-12-25 10:20:26^4850882538^^
^PWTRAIL=2633964^-1802085079^53974698^--^--^^^^-1801942848^-1376001687^4276481600^^1^^1^134^^^0^0^4246014965^^^724^--^PWTRAIL=2633964^5300HWCSEESP71163feef6eeba17^^^^^^^^^^PWTRAIL=2633964^5300HWCSEPSW627be62b123817fa^^0^2021-12-25 10:20:31^SYSTEM_NEW^2021-12-17 22:27:29^SYSTEM_NEW^2021-12-25 10:20:31^4850882539^^
^PWTRAIL=2634501^53982245^53961577^4193^4193^^^^57443260^-1384171318^4851014214^^1^^1^10304^^^0^0^4246014965^^^^^PWTRAIL=2634501^5300HWCSEETPa832963781eb21b9^^^^^^^^^^PWTRAIL=2634501^5300HWCSEPSWa8e5b4973db04bbd^^0^2021-12-25 10:20:43^SYSTEM_NEW^2021-12-17 22:27:32^SYSTEM_NEW^2021-12-25 10:20:43^4850882540^^
^PWTRAIL=2615830^-675243949^53977817^--^--^^^^-675204085^4714422414^4733458227^^1^^1^75^^^0^0^4246014965^^^640^640^PWTRAIL=2615830^5300HWCSEESPe299135e24d09821^^^^^^^^^^PWTRAIL=2615830^5300HWCSEPSWbfac1565f8be787b^^0^2021-12-25 10:21:16^SYSTEM_NEW^2021-12-17 22:27:55^SYSTEM_NEW^2021-12-25 10:21:16^4850882541^^
^PWTRAIL=2615822^53977817^54017435^--^--^^^^4714422414^4714422397^4710636857^^1^^1^75^^^0^0^4246014965^^^1640^1640^PWTRAIL=2615822^5300HWCSEESPd23ce6a229cb3955^^^^^^^^^^PWTRAIL=2615822^5300HWCSEPSWa1fbf117633786cd^^0^2021-12-25 10:21:16^SYSTEM_NEW^2021-12-17 22:27:55^SYSTEM_NEW^2021-12-25 10:21:16^4850882542^^
^3011-易门县营业部640.S-1.<-->15602-易门县营业部690_L2L3主_HX.S-1.-1535078397^53970638^-1566321672^--^--^^^^-305753333^-262995360^4851956339^^1^^3^49^^^-910359021^-305753438^53935983^^^1816^1816^3011-易门县营业部640.S-1.<-->15602-易门县营业部690_L2L3主_HX.S-1.-1535078397^5304FHCS3ESP10BRGL100020017U^^^^^^^^^^3011-易门县营业部640.S-1.<-->15602-易门县营业部690_L2L3主_HX.S-1.-1535078397^5304FHCS3PSW0000000PDY22L000^^0^2021-12-28 06:54:41^SYSTEM_NEW^2021-12-18 06:54:57^SYSTEM_NEW^2021-12-28 06:54:41^4851956047^^
^3011-易门县营业部640.S-1.<-->15601-易门县中心机房690_L2L3备_HX.S-1.-1535078398^53970638^-1566321674^--^--^^^^-305753333^-262995363^4851956340^^1^^3^49^^^-910359022^-305753440^53935983^^^1816^1816^3011-易门县营业部640.S-1.<-->15601-易门县中心机房690_L2L3备_HX.S-1.-1535078398^5304FHCS3ESP10BRGL100020017U^^^^^^^^^^3011-易门县营业部640.S-1.<-->15601-易门县中心机房690_L2L3备_HX.S-1.-1535078398^5304FHCS3PSW0000000PDY22M000^^0^2021-12-28 06:54:41^SYSTEM_NEW^2021-12-18 06:54:57^SYSTEM_NEW^2021-12-28 06:54:41^4851956048^^
^15602-易门县营业部690_L2L3主_HX.S-1.<-->15601-易门县中心机房690_L2L3备_HX.S-1.-1535078400^-1566321672^-1566321674^--^--^^^^-262995360^-262995363^4754471346^^1^^3^49^^^-1422993374^-1188024661^53935983^^^1816^1816^15602-易门县营业部690_L2L3主_HX.S-1.<-->15601-易门县中心机房690_L2L3备_HX.S-1.-1535078400^5304FHCS3ESP407UEK500020017U^^^^^^^^^^15602-易门县营业部690_L2L3主_HX.S-1.<-->15601-易门县中心机房690_L2L3备_HX.S-1.-1535078400^5304FHCS3PSW0000000PDY22O000^^0^2021-12-28 06:54:41^SYSTEM_NEW^2021-12-18 06:54:57^SYSTEM_NEW^2021-12-28 06:54:41^4851956049^^
^PW-4G -P-3320-西双版纳移动大楼二楼综合机房二层组网6500备_HX^2677926705^-1845732394^^^^^^2677926735^-1655928848^4852773273^^1^^13^113^^^0^0^53935987^^^^25^PW-4G -P-3320-西双版纳移动大楼二楼综合机房二层组网6500备_HX^5328ZTCS1ESP1854779031PAB^^^^^^^^^^PW-4G -P-3320-西双版纳移动大楼二楼综合机房二层组网6500备_HX^5328ZTCS1PSW4578R3OOIXFW^^0^2021-12-28 13:40:08^SYSTEM_NEW^2021-12-18 12:49:53^SYSTEM_NEW^2021-12-28 13:40:08^4852773146^^
^PW-4G -P-3320-西双版纳移动大楼二楼综合机房二层组网6500备_HX^2388071395^-1845732394^1000000^40000^^^^2388134412^-1655928848^4852773280^^1^^13^112^^^0^0^53935987^^^^21^PW-4G -P-3320-西双版纳移动大楼二楼综合机房二层组网6500备_HX^5328ZTCS1ESP1794437345PA8^^^^^^^^^^PW-4G -P-3320-西双版纳移动大楼二楼综合机房二层组网6500备_HX^5328ZTCS1PSW4578R3OOIXFQ^^0^2021-12-28 13:40:06^SYSTEM_NEW^2021-12-18 12:50:05^SYSTEM_NEW^2021-12-28 13:40:06^4852773152^^
^DNI:PW-2409-景洪市移动综合楼6500(景洪L2L3主)_HX_2649-景洪市会展中心6500(景洪L2L3备)_HX-229741^144866393^146593889^^^^^^-659627484^-659623880^4738617306^^1^^13^111^^^0^0^53935987^^^806^806^DNI:PW-2409-景洪市移动综合楼6500(景洪L2L3主)_HX_2649-景洪市会展中心6500(景洪L2L3备)_HX-229741^5328ZTCS1ESP1345294775563K4H^^^^^^^^^^DNI:PW-2409-景洪市移动综合楼6500(景洪L2L3主)_HX_2649-景洪市会展中心6500(景洪L2L3备)_HX-229741^5328ZTCS1PSW4578R3OOIXKM^^0^2021-12-28 13:40:06^SYSTEM_NEW^2021-12-18 12:50:05^SYSTEM_NEW^2021-12-28 13:40:06^4852773153^^
^PW-4G -P-4042-景洪市移动综合楼6500(景洪2G落地备)_HX^54023205^-1642785638^^^^^^54776349^-391986618^4852773279^^1^^13^111^^^0^0^53935987^^^3116^3116^PW-4G -P-4042-景洪市移动综合楼6500(景洪2G落地备)_HX^5328ZTCS1ESP1986032901PBJ^^^^^^^^^^PW-4G -P-4042-景洪市移动综合楼6500(景洪2G落地备)_HX^5328ZTCS1PSW4578R3OOIXHF^^0^2021-12-28 13:39:14^SYSTEM_NEW^2021-12-18 12:50:10^SYSTEM_NEW^2021-12-28 13:39:14^4852773154^^
^PW-W-3526-大理古城区下湾桥^145190964^54018638^^^^^^145403366^-336648788^4854319298^^1^^5^147^^^0^0^53935982^^^201^201^PW-W-3526-大理古城区下湾桥^5329ZTCS1ESP0098995255PAJ^^^^^^^^^^PW-W-3526-大理古城区下湾桥^5329ZTCS1PSW4506RW4O0E1Q^^0^2021-12-29 00:28:31^SYSTEM_NEW^2021-12-18 22:36:00^SYSTEM_NEW^2021-12-29 00:28:31^4854270047^^
^PW -P-7697-弥渡县黑泥海_B^-1592106766^-1756836765^^^^^^-1591765439^2169687856^4854322873^^1^^5^67^^^0^0^53935982^^^137^137^PW -P-7697-弥渡县黑泥海_B^5329ZTCS1ESP11201089974L6NBD^^^^^^^^^^PW -P-7697-弥渡县黑泥海_B^5329ZTCS1PSW4506RW4NYE0H^^0^2021-12-29 00:27:24^SYSTEM_NEW^2021-12-18 22:36:00^SYSTEM_NEW^2021-12-29 00:27:24^4854270048^^
^PW-W-7761-弥渡县红岩麦地口_B^-1579383364^-1775812139^^^^^^-1579265660^2169687868^4854327372^^1^^5^67^^^0^0^53935982^^^2140^2140^PW-W-7761-弥渡县红岩麦地口_B^5329ZTCS1ESP18690095016RC8D8^^^^^^^^^^PW-W-7761-弥渡县红岩麦地口_B^5329ZTCS1PSW4506RW4NYE20^^0^2021-12-29 00:27:24^SYSTEM_NEW^2021-12-18 22:36:00^SYSTEM_NEW^2021-12-29 00:27:24^4854270049^^
^3013-楚雄市中国银行<->5865-楚雄市移动大楼集客落地二（备）_HX^53973319^-1128474154^--^--^^^2054^56484245^-1119219040^-576032645^3013-楚雄市中国银行<->5865-楚雄市移动大楼集客落地二（备）_HX^1^^6^74^-10^^0^0^53935989^^^--^--^3013-楚雄市中国银行<->5865-楚雄市移动大楼集客落地二（备）_HX^5323HWCSTESPeb35069b1b14bd1b^^^^^^^^^^3013-楚雄市中国银行<->5865-楚雄市移动大楼集客落地二（备）_HX^5323HWCSTPSW32351150032291cc^通道AZ端网元与伪线ZA端网元一致，且通道中关联伪线ID为空，且通道A端端口和伪线端口均在业务接入点表中^0^2020-08-10 16:13:07^SYSTEM_NEW^2019-04-06 18:31:54^SYSTEM_NEW^2020-08-10 16:13:07^3033567823^^
^3003-楚雄市鹿林酒店_HJ<->5865-楚雄市移动大楼集客落地二（备）_HX^53974088^-1128474154^--^--^^^2054^56450891^-1119219040^-576033175^3003-楚雄市鹿林酒店_HJ<->5865-楚雄市移动大楼集客落地二（备）_HX^1^^6^74^-10^^0^0^53935989^^^--^--^3003-楚雄市鹿林酒店_HJ<->5865-楚雄市移动大楼集客落地二（备）_HX^5323HWCSTESPe2e7b042a04c94c2^^^^^^^^^^3003-楚雄市鹿林酒店_HJ<->5865-楚雄市移动大楼集客落地二（备）_HX^5323HWCSTPSW791205f9ddc8edd0^通道AZ端网元与伪线ZA端网元一致，且通道中关联伪线ID为空，且通道A端端口和伪线端口均在业务接入点表中^0^2020-08-10 16:13:09^SYSTEM_NEW^2019-04-06 18:31:55^SYSTEM_NEW^2020-08-10 16:13:09^3033567824^^
^9228-大姚县电力公司_Q<->9001-大姚县局PTN7900_HX^1710930969^53977817^--^--^^^2103^1746397822^-1618562779^-576054212^9228-大姚县电力公司_Q<->9001-大姚县局PTN7900_HX^1^^6^75^-10^^0^0^53935989^^^--^--^9228-大姚县电力公司_Q<->9001-大姚县局PTN7900_HX^5323HWCSTESP46fbb2173af84547^^^^^^^^^^9228-大姚县电力公司_Q<->9001-大姚县局PTN7900_HX^5323HWCSTPSW23dfec124783ba94^通道AZ端网元与伪线ZA端网元一致，且通道中关联伪线ID为空，且通道Z端端口和伪线端口均在业务接入点表中^0^2020-08-10 16:13:05^SYSTEM_NEW^2019-04-06 18:31:56^SYSTEM_NEW^2020-08-10 16:13:05^3033567834^^
^PW-全业务-EVPTREE-景东县锦屏新街政法委专线 vlan=88^-1365465500^-2003461470^^^^^2252^-926670212^-2002837959^4807940270^PW-全业务-EVPTREE-景东县锦屏新街政法委专线 vlan=88^1^^4^51^-10^^0^0^53935986^^^88^88^PW-全业务-EVPTREE-景东县锦屏新街政法委专线 vlan=88^5308ZTCS1ESP13619123534FVLZ5^^^^^^^^^^PW-全业务-EVPTREE-景东县锦屏新街政法委专线 vlan=88^5308ZTCS1PSW44WHOXDHIQUZ^通道AZ端网元与伪线AZ端网元一致，且通道中关联伪线ID为空，且通道Z端端口和伪线端口均在业务接入点表中^0^2021-12-27 04:41:38^SYSTEM_NEW^2018-12-20 04:46:06^SYSTEM_NEW^2021-12-27 04:41:38^3033567835^^
^PW-集客专线-1382-大理交警支队汇聚（专线）-6381-祥云县禾甸镇新兴苴村（共址联通）^53985443^-1839238586^^^^^2189^-477642203^-1837530301^4854324666^PW-集客专线-1382-大理交警支队汇聚（专线）-6381-祥云县禾甸镇新兴苴村（共址联通）^1^^5^62^^^0^0^53935982^^^^^PW-集客专线-1382-大理交警支队汇聚（专线）-6381-祥云县禾甸镇新兴苴村（共址联通）^5329ZTCS1ESP0276432194PCE^^^^^^^^^^PW-集客专线-1382-大理交警支队汇聚（专线）-6381-祥云县禾甸镇新兴苴村（共址联通）^5329ZTCS1PSW4506RW4NV7KK^通道AZ端网元与伪线AZ端网元一致，且通道中关联伪线ID为空，且通道Z端端口和伪线端口均在业务接入点表中^0^2021-12-29 00:26:48^SYSTEM_NEW^2018-12-20 00:55:59^SYSTEM_NEW^2021-12-29 00:26:48^3033567836^^
^PW-全业务-7139-隆阳区市交警支队-11928^-900939076^53976655^^^^^2015^-897647639^-1804762242^-578419820^PW-全业务-7139-隆阳区市交警支队-11928^1^^8^93^^^0^0^53935997^^^102^^PW-全业务-7139-隆阳区市交警支队-11928^5305ZTCS1ESP0525904005PCI^^^^^^^^^^PW-全业务-7139-隆阳区市交警支队-11928^5305ZTCS1PSW44WIN9565RKD^通道AZ端网元与伪线AZ端网元一致，且通道中关联伪线ID为空，且通道Z端端口和伪线端口均在业务接入点表中^0^2020-07-21 11:50:44^SYSTEM_NEW^2019-05-02 14:08:40^SYSTEM_NEW^2020-07-21 11:50:44^3033567837^^
^PW-全业务-7158-隆阳区公安局(新)_Q-42^-869394970^-1777667811^^^^^2015^-842365996^-1777358580^-76294848^PW-全业务-7158-隆阳区公安局(新)_Q-42^1^^8^93^^^0^0^53935997^^^3500^^PW-全业务-7158-隆阳区公安局(新)_Q-42^5305ZTCS1ESP209073895388ELRG^^^^^^^^^^PW-全业务-7158-隆阳区公安局(新)_Q-42^5305ZTCS1PSW44WIN9566HOI^通道AZ端网元与伪线AZ端网元一致，且通道中关联伪线ID为空，且通道Z端端口和伪线端口均在业务接入点表中^0^2020-08-11 11:54:50^SYSTEM_NEW^2019-08-28 15:46:39^SYSTEM_NEW^2020-08-11 11:54:50^3033567838^^
^PW-全业务-7158-隆阳区公安局(新)_Q-42^-869394970^-1777667811^^^^^2015^-862939741^-1777358571^-76294848^PW-全业务-7158-隆阳区公安局(新)_Q-42^1^^8^93^^^0^0^53935997^^^3500^^PW-全业务-7158-隆阳区公安局(新)_Q-42^5305ZTCS1ESP209073895388ELRG^^^^^^^^^^PW-全业务-7158-隆阳区公安局(新)_Q-42^5305ZTCS1PSW44WIN9566HOI^通道AZ端网元与伪线AZ端网元一致，且通道中关联伪线ID为空，且通道Z端端口和伪线端口均在业务接入点表中^0^2020-07-21 11:50:59^SYSTEM_NEW^2019-08-28 15:46:39^SYSTEM_NEW^2020-07-21 11:50:59^3033567839^^
^宣威灰硐B加油站WIFI专线-vc^-296286553^-1684792888^--^--^^^366243^-296284398^-1682400895^3958977209^宣威灰硐B加油站WIFI专线-vc^1^^7^84^^^-296285082^-1682446997^53935999^^^--^--^宣威灰硐B加油站WIFI专线-vc^5303FHCS1ETP7S00000000006DQZ^^^^^^^^^^宣威灰硐B加油站WIFI专线-vc^5303FHCS1PSW3W000000008LTBQP^通道AZ端网元与伪线AZ端网元一致，且通道中关联伪线ID为空，且通道Z端端口和伪线端口均在业务接入点表中^0^2021-10-20 07:03:07^SYSTEM_NEW^2019-05-30 09:53:48^SYSTEM_NEW^2021-10-20 07:03:07^3033567840^^
^宣威灰硐B加油站WIFI专线-vc^-296286553^-1684792888^--^--^^^366243^-296284371^-1682400877^-159415946^宣威灰硐B加油站WIFI专线-vc^1^^7^84^^^-296285082^-1682446997^53935999^^^--^--^宣威灰硐B加油站WIFI专线-vc^5303FHCS1ESP50000000000100OX^^^^^^^^^^宣威灰硐B加油站WIFI专线-vc^5303FHCS1PSW3W000000008LTBQP^通道AZ端网元与伪线AZ端网元一致，且通道中关联伪线ID为空，且通道Z端端口和伪线端口均在业务接入点表中^0^2020-07-21 08:58:20^SYSTEM_NEW^2019-05-30 09:53:48^SYSTEM_NEW^2020-07-21 08:58:20^3033567841^^
^PW-营业厅改造-163-洱源新移动9008-643-洱源乔后^-1820371477^-1323353215^^^^^2195^-1816079239^-1321954618^4854316688^PW-营业厅改造-163-洱源新移动9008-643-洱源乔后^1^^5^64^^^0^0^53935982^^^^^PW-营业厅改造-163-洱源新移动9008-643-洱源乔后^5329ZTCS1ESP0772706490PA8^^^^^^^^^^PW-营业厅改造-163-洱源新移动9008-643-洱源乔后^5329ZTCS1PSW4506RW4NTLMP^通道AZ端网元与伪线AZ端网元一致，且通道中关联伪线ID为空，且通道Z端端口和伪线端口均在业务接入点表中^0^2021-12-29 00:26:18^SYSTEM_NEW^2018-12-20 00:55:52^SYSTEM_NEW^2021-12-29 00:26:18^3033567842^^
^PW-营业厅改造-163-洱源新移动9008-643-洱源乔后^-1820371477^-1323353215^^^^^2195^-1816079232^-1321954617^-577940285^PW-营业厅改造-163-洱源新移动9008-643-洱源乔后^1^^5^64^^^0^0^53935982^^^^^PW-营业厅改造-163-洱源新移动9008-643-洱源乔后^5329ZTCS1ESP0772706490PA8^^^^^^^^^^PW-营业厅改造-163-洱源新移动9008-643-洱源乔后^5329ZTCS1PSW4506RW4NTLMP^通道AZ端网元与伪线AZ端网元一致，且通道中关联伪线ID为空，且通道A端端口和伪线端口均在业务接入点表中^0^2020-07-21 13:09:22^SYSTEM_NEW^2018-12-20 00:55:52^SYSTEM_NEW^2020-07-21 13:09:22^3033567843^^
^5865-楚雄市移动大楼集客落地二（备）_HX<->5902-楚雄市鹿城南路626号(自来水厂)^-1128474154^-675243967^--^--^^^2054^-701377764^-675204359^-576033181^5865-楚雄市移动大楼集客落地二（备）_HX<->5902-楚雄市鹿城南路626号(自来水厂)^1^^6^74^^^0^0^53935989^^^--^--^5865-楚雄市移动大楼集客落地二（备）_HX<->5902-楚雄市鹿城南路626号(自来水厂)^5323HWCSTESPdc397b0dd0156deb^^^^^^^^^^5865-楚雄市移动大楼集客落地二（备）_HX<->5902-楚雄市鹿城南路626号(自来水厂)^5323HWCSTPSW3ab97c2252b5bf5b^通道AZ端网元与伪线AZ端网元一致，且通道中关联伪线ID为空，且通道Z端端口和伪线端口均在业务接入点表中^0^2020-07-21 16:36:23^SYSTEM_NEW^2019-04-06 18:31:57^SYSTEM_NEW^2020-07-21 16:36:23^3033567844^^
^3003-楚雄市鹿林酒店_HJ<->5865-楚雄市移动大楼集客落地二（备）_HX^53974088^-1128474154^--^--^^^2054^56548686^-701377764^-576033175^3003-楚雄市鹿林酒店_HJ<->5865-楚雄市移动大楼集客落地二（备）_HX^1^^6^74^^^0^0^53935989^^^--^--^3003-楚雄市鹿林酒店_HJ<->5865-楚雄市移动大楼集客落地二（备）_HX^5323HWCSTESPe2e7b042a04c94c2^^^^^^^^^^3003-楚雄市鹿林酒店_HJ<->5865-楚雄市移动大楼集客落地二（备）_HX^5323HWCSTPSW791205f9ddc8edd0^通道AZ端网元与伪线ZA端网元一致，且通道中关联伪线ID为空，且通道Z端端口和伪线端口均在业务接入点表中^0^2020-07-21 16:36:24^SYSTEM_NEW^2019-04-06 18:31:55^SYSTEM_NEW^2020-07-21 16:36:24^3033567825^^
^22009-姚安县环城南路2_HJ<->13001-姚安县局PTN7900_HX^53979649^53973445^--^--^^^2220^57296964^-1745492899^-576058920^22009-姚安县环城南路2_HJ<->13001-姚安县局PTN7900_HX^1^^6^81^^^0^0^53935989^^^--^--^22009-姚安县环城南路2_HJ<->13001-姚安县局PTN7900_HX^5323HWCSTESP65395f6e18cd2bcc^^^^^^^^^^22009-姚安县环城南路2_HJ<->13001-姚安县局PTN7900_HX^5323HWCSTPSW68018a9f139b3f21^通道AZ端网元与伪线ZA端网元一致，且通道中关联伪线ID为空，且通道Z端端口和伪线端口均在业务接入点表中^0^2020-08-10 16:13:05^SYSTEM_NEW^2019-04-06 18:31:56^SYSTEM_NEW^2020-08-10 16:13:05^3033567826^^
^PW-全业务-EPTREE-景东县MDCN-OA-缴费业务^53968621^53966369^3600^2600^^^2009^56339967^56207097^4807932024^PW-全业务-EPTREE-景东县MDCN-OA-缴费业务^1^^4^53^^^0^0^53935986^^^^^PW-全业务-EPTREE-景东县MDCN-OA-缴费业务^5308ZTCS1ESP0267526004PA9^^^^^^^^^^PW-全业务-EPTREE-景东县MDCN-OA-缴费业务^5308ZTCS1PSW44VYELRK4FGL^通道AZ端网元与伪线ZA端网元一致，且通道中关联伪线ID为空，且通道Z端端口和伪线端口均在业务接入点表中^0^2021-12-27 04:41:24^SYSTEM_NEW^2018-12-20 04:45:41^SYSTEM_NEW^2021-12-27 04:41:24^3033567827^^
^PW-全业务-EPTREE-景东县MDCN-OA-缴费业务^53968621^53966369^3600^2600^^^2009^57618824^-1747272775^-576949297^PW-全业务-EPTREE-景东县MDCN-OA-缴费业务^1^^4^53^^^0^0^53935986^^^^^PW-全业务-EPTREE-景东县MDCN-OA-缴费业务^5308ZTCS1ESP0267526004PA9^^^^^^^^^^PW-全业务-EPTREE-景东县MDCN-OA-缴费业务^5308ZTCS1PSW44VYELRK4FGL^通道AZ端网元与伪线ZA端网元一致，且通道中关联伪线ID为空，且通道Z端端口和伪线端口均在业务接入点表中^0^2020-07-21 15:27:37^SYSTEM_NEW^2018-12-20 04:45:41^SYSTEM_NEW^2020-07-21 15:27:37^3033567828^^
^7081-水富县剪刀湾<->478-水富县移动_HX^53989906^54023319^--^--^^^2110^57617738^144609167^-575502371^7081-水富县剪刀湾<->478-水富县移动_HX^1^^16^140^^^0^0^53936000^^^--^1^7081-水富县剪刀湾<->478-水富县移动_HX^5306HWCSTESP3c6f98dfefa5b9c5^^^^^^^^^^7081-水富县剪刀湾<->478-水富县移动_HX^5306HWCSTPSWd78771c84fda6cc3^通道AZ端网元与伪线ZA端网元一致，且通道中关联伪线ID为空，且通道Z端端口和伪线端口均在业务接入点表中^0^2020-07-21 17:39:51^SYSTEM_NEW^2018-12-20 09:07:09^SYSTEM_NEW^2020-07-21 17:39:51^3033567829^^
^7081-水富县剪刀湾<->478-水富县移动_HX^53989906^54023319^--^--^^^2110^57617739^144608529^-575502371^7081-水富县剪刀湾<->478-水富县移动_HX^1^^16^140^^^0^0^53936000^^^--^1^7081-水富县剪刀湾<->478-水富县移动_HX^5306HWCSTESP3c6f98dfefa5b9c5^^^^^^^^^^7081-水富县剪刀湾<->478-水富县移动_HX^5306HWCSTPSWd78771c84fda6cc3^通道AZ端网元与伪线ZA端网元一致，且通道中关联伪线ID为空，且通道Z端端口和伪线端口均在业务接入点表中^0^2020-07-21 17:39:51^SYSTEM_NEW^2018-12-20 09:07:09^SYSTEM_NEW^2020-07-21 17:39:51^3033567830^^
^10058-元谋县羊街信用信社_Q<->10001-元谋县局PTN7900_HX^53989415^-1836951178^--^--^^^366262^57722402^-1766857698^-576059357^10058-元谋县羊街信用信社_Q<->10001-元谋县局PTN7900_HX^1^^6^83^^^0^0^53935989^^^--^--^10058-元谋县羊街信用信社_Q<->10001-元谋县局PTN7900_HX^5323HWCSTESP62bbc3ee429450b3^^^^^^^^^^10058-元谋县羊街信用信社_Q<->10001-元谋县局PTN7900_HX^5323HWCSTPSW6a7c94ab789b4145^通道AZ端网元与伪线ZA端网元一致，且通道中关联伪线ID为空，且通道Z端端口和伪线端口均在业务接入点表中^0^2020-08-10 16:13:06^SYSTEM_NEW^2019-04-06 18:31:57^SYSTEM_NEW^2020-08-10 16:13:06^3033567831^^
^10058-元谋县羊街信用信社_Q<->10001-元谋县局PTN7900_HX^53989415^-1836951178^--^--^^^366262^57725754^-1833747677^-576059357^10058-元谋县羊街信用信社_Q<->10001-元谋县局PTN7900_HX^1^^6^83^^^0^0^53935989^^^--^--^10058-元谋县羊街信用信社_Q<->10001-元谋县局PTN7900_HX^5323HWCSTESP62bbc3ee429450b3^^^^^^^^^^10058-元谋县羊街信用信社_Q<->10001-元谋县局PTN7900_HX^5323HWCSTPSW6a7c94ab789b4145^通道AZ端网元与伪线ZA端网元一致，且通道中关联伪线ID为空，且通道Z端端口和伪线端口均在业务接入点表中^0^2020-07-21 16:36:19^SYSTEM_NEW^2019-04-06 18:31:57^SYSTEM_NEW^2020-07-21 16:36:19^3033567832^^
^12084-牟定县红坡村<->12001-牟定县局PTN7900_HX^54003322^53973304^--^--^^^2304^58154499^-1618562716^-576058612^12084-牟定县红坡村<->12001-牟定县局PTN7900_HX^1^^6^77^^^0^0^53935989^^^--^--^12084-牟定县红坡村<->12001-牟定县局PTN7900_HX^5323HWCSTESP5fa74466cb82ffc7^^^^^^^^^^12084-牟定县红坡村<->12001-牟定县局PTN7900_HX^5323HWCSTPSW1d128524345b65c5^通道AZ端网元与伪线ZA端网元一致，且通道中关联伪线ID为空，且通道Z端端口和伪线端口均在业务接入点表中^0^2020-08-10 16:13:06^SYSTEM_NEW^2019-04-06 18:31:57^SYSTEM_NEW^2020-08-10 16:13:06^3033567833^^
^12136-镇雄县云岭_B<->255-镇雄县果珠_HJ^0^0^--^--^^^2121^0^0^3963246690^12136-镇雄县云岭_B<->255-镇雄县果珠_HJ^1^^16^0^^^0^0^53936000^^^--^4025^12136-镇雄县云岭_B<->255-镇雄县果珠_HJ^5306HWCSTETPc37272e262e7bb71^^^^^^^^^^12136-镇雄县云岭_B<->255-镇雄县果珠_HJ^5306HWCSTPSWf24cbd64dafbd814^通道AZ端网元与伪线ZA端网元一致端口不一致，且通道中关联伪线ID为不为空，且通道Z端端口和伪线端口均在业务接入点表中^0^2021-06-17 12:25:18^SYSTEM^2020-07-22 15:30:47^SYSTEM_NEW^2021-06-17 12:25:18^3035399248^^
^PW-48-红河州开远市电信楼六楼9008_HX_791-红河州开远市小龙潭建行二楼_HJ-184563^53968285^53965847^^^^^366350^56314125^-1042107641^-577466020^PW-48-红河州开远市电信楼六楼9008_HX_791-红河州开远市小龙潭建行二楼_HJ-184563^1^^10^33^^^0^0^53935998^^^26^26^PW-48-红河州开远市电信楼六楼9008_HX_791-红河州开远市小龙潭建行二楼_HJ-184563^5325ZTCS1ESP0973103260PAP^^^^^^^^^^PW-48-红河州开远市电信楼六楼9008_HX_791-红河州开远市小龙潭建行二楼_HJ-184563^5325ZTCS1PSW446GZWG18C4C^通道AZ端网元与伪线AZ端网元一致端口不一致，且通道中关联伪线ID为不为空，且通道A端端口和伪线端口均在业务接入点表中^0^2020-08-11 14:28:34^SYSTEM^2020-07-22 15:30:47^SYSTEM_NEW^2020-08-11 14:28:34^3035399249^^
^7230-武定县卫生局_Q<->7010-武定县公路管理段室分_S^0^0^--^--^^^2222^0^0^3962575582^7230-武定县卫生局_Q<->7010-武定县公路管理段室分_S^1^^6^0^^^0^0^53935989^^^15^231^7230-武定县卫生局_Q<->7010-武定县公路管理段室分_S^5323HWCSTETP6b561e5b10261124^^^^^^^^^^7230-武定县卫生局_Q<->7010-武定县公路管理段室分_S^5323HWCSTPSWb64cc18adc2adfec^通道AZ端网元与伪线AZ端网元一致端口不一致，且通道中关联伪线ID为不为空，且通道A端端口和伪线端口均在业务接入点表中^0^2021-06-16 23:05:46^SYSTEM^2020-07-22 15:30:47^SYSTEM_NEW^2021-06-16 23:05:46^3035399251^^
^PW-全业务-7158-隆阳区公安局（新）_B^-869394970^53993596^^^^^2015^-842365996^57796976^3960462905^PW-全业务-7158-隆阳区公安局（新）_B^1^^8^93^^^0^0^53935997^^^3500^^PW-全业务-7158-隆阳区公安局（新）_B^5305ZTCS1ESP209073895388ELRG^^^^^^^^^^PW-全业务-7158-隆阳区公安局（新）_B^5305ZTCS1PSW44WIN95657JF^通道AZ端网元与伪线AZ端网元一致端口不一致，且通道中关联伪线ID为不为空，且通道A端端口和伪线端口均在业务接入点表中^0^2021-12-28 16:59:15^SYSTEM^2020-07-22 15:30:47^SYSTEM_NEW^2021-12-28 16:59:15^3035399252^^
^PW-全业务-7158-隆阳区公安局（新）_B^-869394970^53993596^^^^^2015^-862939741^57800614^-578415285^PW-全业务-7158-隆阳区公安局（新）_B^1^^8^93^^^0^0^53935997^^^3500^^PW-全业务-7158-隆阳区公安局（新）_B^5305ZTCS1ESP209073895388ELRG^^^^^^^^^^PW-全业务-7158-隆阳区公安局（新）_B^5305ZTCS1PSW44WIN95657JF^通道AZ端网元与伪线AZ端网元一致端口不一致，且通道中关联伪线ID为不为空，且通道A端端口和伪线端口均在业务接入点表中^0^2020-07-22 15:30:47^SYSTEM^2020-07-22 15:30:47^SYSTEM_NEW^2020-07-22 12:07:11^3035399255^^
^PW-W-6650-洱源县交警大队6180_Q^-1820371464^-1323353213^^^^^2195^-1450709970^-1321953773^4854323250^PW-W-6650-洱源县交警大队6180_Q^1^^5^64^^^0^0^53935982^^^^^PW-W-6650-洱源县交警大队6180_Q^5329ZTCS1ESP1932529377PA8^^^^^^^^^^PW-W-6650-洱源县交警大队6180_Q^5329ZTCS1PSW4506RW4NXHBY^通道AZ端网元与伪线AZ端网元一致端口不一致，且通道中关联伪线ID为不为空，且通道A端端口和伪线端口均在业务接入点表中^0^2021-12-29 00:26:42^SYSTEM^2020-07-22 15:30:47^SYSTEM_NEW^2021-12-29 00:26:42^3035399256^^
^PW-W-6650-洱源县交警大队6180_Q^-1820371464^-1323353213^^^^^2195^-1450709973^-1321953772^-257184859^PW-W-6650-洱源县交警大队6180_Q^1^^5^64^^^0^0^53935982^^^^^PW-W-6650-洱源县交警大队6180_Q^5329ZTCS1ESP1932529377PA8^^^^^^^^^^PW-W-6650-洱源县交警大队6180_Q^5329ZTCS1PSW4506RW4NXHBY^通道AZ端网元与伪线AZ端网元一致端口不一致，且通道中关联伪线ID为不为空，且通道A端端口和伪线端口均在业务接入点表中^0^2020-07-22 15:30:47^SYSTEM^2020-07-22 15:30:47^SYSTEM_NEW^2020-07-22 13:25:07^3035399257^^
^PW-全业务-7139-隆阳区市交警支队-186^-900939076^53968503^^^^^2015^2721728235^56342115^3960467626^PW-全业务-7139-隆阳区市交警支队-186^1^^8^93^^^0^0^53935997^^^102^^PW-全业务-7139-隆阳区市交警支队-186^5305ZTCS1ESP0525904005PCI^^^^^^^^^^PW-全业务-7139-隆阳区市交警支队-186^5305ZTCS1PSW44WIN9565VBI^通道AZ端网元与伪线AZ端网元一致端口不一致，且通道中关联伪线ID为不为空，且通道A端端口和伪线端口均在业务接入点表中^0^2021-12-28 16:58:21^SYSTEM^2020-07-22 15:30:47^SYSTEM_NEW^2021-12-28 16:58:21^3035399258^^
^PW-全业务-7139-隆阳区市交警支队-186^-900939076^53968503^^^^^2015^-357421587^56344786^-578419324^PW-全业务-7139-隆阳区市交警支队-186^1^^8^93^^^0^0^53935997^^^102^^PW-全业务-7139-隆阳区市交警支队-186^5305ZTCS1ESP0525904005PCI^^^^^^^^^^PW-全业务-7139-隆阳区市交警支队-186^5305ZTCS1PSW44WIN9565VBI^通道AZ端网元与伪线AZ端网元一致端口不一致，且通道中关联伪线ID为不为空，且通道A端端口和伪线端口均在业务接入点表中^0^2020-07-22 15:30:47^SYSTEM^2020-07-22 15:30:47^SYSTEM_NEW^2020-07-22 12:07:22^3035399259^^
^PW-全业务-7139-隆阳区市交警支队-132^-900939076^-1555141241^^^^^2015^2721728235^-1554641063^3960455115^PW-全业务-7139-隆阳区市交警支队-132^1^^8^93^^^0^0^53935997^^^102^^PW-全业务-7139-隆阳区市交警支队-132^5305ZTCS1ESP0525904005PCI^^^^^^^^^^PW-全业务-7139-隆阳区市交警支队-132^5305ZTCS1PSW44WIN9565RKH^通道AZ端网元与伪线AZ端网元一致端口不一致，且通道中关联伪线ID为不为空，且通道A端端口和伪线端口均在业务接入点表中^0^2021-12-28 16:59:12^SYSTEM^2020-07-22 15:30:47^SYSTEM_NEW^2021-12-28 16:59:12^3035399260^^
^PW-全业务-7139-隆阳区市交警支队-132^-900939076^-1555141241^^^^^2015^-357421587^-1554641042^-578431097^PW-全业务-7139-隆阳区市交警支队-132^1^^8^93^^^0^0^53935997^^^102^^PW-全业务-7139-隆阳区市交警支队-132^5305ZTCS1ESP0525904005PCI^^^^^^^^^^PW-全业务-7139-隆阳区市交警支队-132^5305ZTCS1PSW44WIN9565RKH^通道AZ端网元与伪线AZ端网元一致端口不一致，且通道中关联伪线ID为不为空，且通道A端端口和伪线端口均在业务接入点表中^0^2020-07-22 15:30:47^SYSTEM^2020-07-22 15:30:47^SYSTEM_NEW^2020-07-22 12:07:14^3035399261^^
^PW-集客专线-46-巍山新移动-3183-巍山小麦庄^-1903563731^126746083^^^^^2058^-1902503876^130686626^4854313345^PW-集客专线-46-巍山新移动-3183-巍山小麦庄^1^^5^69^^^0^0^53935982^^^^^PW-集客专线-46-巍山新移动-3183-巍山小麦庄^5329ZTCS1ESP0656996644PA8^^^^^^^^^^PW-集客专线-46-巍山新移动-3183-巍山小麦庄^5329ZTCS1PSW4506RW4NTUVH^通道AZ端网元与伪线AZ端网元一致端口不一致，且通道中关联伪线ID为不为空，且通道A端端口和伪线端口均在业务接入点表中^0^2021-12-29 00:26:26^SYSTEM^2020-07-22 15:30:47^SYSTEM_NEW^2021-12-29 00:26:26^3035399262^^
^PW-集客专线-46-巍山新移动-3183-巍山小麦庄^-1903563731^126746083^^^^^2058^-1902503876^130685969^-577932721^PW-集客专线-46-巍山新移动-3183-巍山小麦庄^1^^5^69^^^0^0^53935982^^^^^PW-集客专线-46-巍山新移动-3183-巍山小麦庄^5329ZTCS1ESP0850555289PA8^^^^^^^^^^PW-集客专线-46-巍山新移动-3183-巍山小麦庄^5329ZTCS1PSW4506RW4NTUVH^通道AZ端网元与伪线AZ端网元一致端口不一致，且通道中关联伪线ID为不为空，且通道A端端口和伪线端口均在业务接入点表中^0^2020-07-22 15:30:47^SYSTEM^2020-07-22 15:30:47^SYSTEM_NEW^2020-07-22 13:25:04^3035399263^^
^PW-4G-W-7139-隆阳区市交警支队-53515^-900939076^-254284724^^^^^2015^2721728235^-254281624^3960457698^PW-4G-W-7139-隆阳区市交警支队-53515^1^^8^93^^^0^0^53935997^^^102^^PW-4G-W-7139-隆阳区市交警支队-53515^5305ZTCS1ESP0525904005PCI^^^^^^^^^^PW-4G-W-7139-隆阳区市交警支队-53515^5305ZTCS1PSW44WIN9566126^通道AZ端网元与伪线AZ端网元一致端口不一致，且通道中关联伪线ID为不为空，且通道A端端口和伪线端口均在业务接入点表中^0^2021-12-28 16:59:14^SYSTEM^2020-07-22 15:30:47^SYSTEM_NEW^2021-12-28 16:59:14^3035399264^^
^PW-4G-W-7139-隆阳区市交警支队-53515^-900939076^-254284724^^^^^2015^-357421587^-254281624^-133111516^PW-4G-W-7139-隆阳区市交警支队-53515^1^^8^93^^^0^0^53935997^^^102^^PW-4G-W-7139-隆阳区市交警支队-53515^5305ZTCS1ESP0525904005PCI^^^^^^^^^^PW-4G-W-7139-隆阳区市交警支队-53515^5305ZTCS1PSW44WIN9566126^通道AZ端网元与伪线AZ端网元一致端口不一致，且通道中关联伪线ID为不为空，且通道A端端口和伪线端口均在业务接入点表中^0^2020-07-22 15:30:47^SYSTEM^2020-07-22 15:30:47^SYSTEM_NEW^2020-07-22 12:07:20^3035399265^^
^互联网专线^53984260^-1892471874^^^^^2053^0^-1890408762^4854310598^互联网专线^1^^5^453647^^^0^0^53935982^^^^^互联网专线^5329ZTCS1ETPSKEXW^^^^^^^^^^互联网专线^5329ZTCS1PSW4506RW4NRMOX^通道AZ端网元与伪线ZA端网元一致端口不一致，且通道中关联伪线ID为不为空，且通道A端端口和伪线端口均在业务接入点表中^0^2021-12-29 00:26:10^SYSTEM^2020-07-22 15:30:47^SYSTEM_NEW^2021-12-29 00:26:10^3035399266^^
^P:PW-6105-红河州蒙自县天马路大台子段_B_4148-红河州蒙自县州生产楼四楼省干对接L2L3备1_HX-510950^-1953422685^219982942^^^^^^-1953408916^-1419942374^-577465140^P:PW-6105-红河州蒙自县天马路大台子段_B_4148-红河州蒙自县州生产楼四楼省干对接L2L3备1_HX-510950^1^^10^34^^^0^0^53935998^^^2858^2858^P:PW-6105-红河州蒙自县天马路大台子段_B_4148-红河州蒙自县州生产楼四楼省干对接L2L3备1_HX-510950^5325ZTCS1ESP01827996077JCSOA^^^^^^^^^^P:PW-6105-红河州蒙自县天马路大台子段_B_4148-红河州蒙自县州生产楼四楼省干对接L2L3备1_HX-510950^5325ZTCS1PSW446GZWG1MQ3H^通道AZ端网元与伪线ZA端网元一致端口不一致，且通道中关联伪线ID为不为空，且通道Z端端口和伪线端口均在业务接入点表中^0^2020-11-07 14:51:45^SYSTEM^2020-07-22 15:30:47^SYSTEM_NEW^2020-11-07 14:51:45^3035399267^^
^19-6-临翔区柏树商业区_HJ<->19-4198-临翔区临沧市公安局_Q^54033618^-1822504909^--^--^^^366226^54824694^-663328898^2491216491^19-6-临翔区柏树商业区_HJ<->19-4198-临翔区临沧市公安局_Q^1^^12^103^^^0^0^53936001^^^--^--^19-6-临翔区柏树商业区_HJ<->19-4198-临翔区临沧市公安局_Q^5309HWCSTESP7f70c33aa9a12d4c^^^^^^^^^^19-6-临翔区柏树商业区_HJ<->19-4198-临翔区临沧市公安局_Q^5309HWCSTPSWf17bb9fd0f19b308^通道AZ端网元与伪线ZA端网元一致端口不一致，且通道中关联伪线ID为不为空，且通道Z端端口和伪线端口均在业务接入点表中^0^2020-07-22 15:30:47^SYSTEM^2020-07-22 15:30:47^SYSTEM_NEW^2020-07-21 17:08:24^3035399268^^
^19-6-临翔区柏树商业区_HJ<->19-4198-临翔区临沧市公安局_Q^54033618^-1822504909^--^--^^^366226^54824695^-663328898^2491216491^19-6-临翔区柏树商业区_HJ<->19-4198-临翔区临沧市公安局_Q^1^^12^103^^^0^0^53936001^^^--^--^19-6-临翔区柏树商业区_HJ<->19-4198-临翔区临沧市公安局_Q^5309HWCSTESP7f70c33aa9a12d4c^^^^^^^^^^19-6-临翔区柏树商业区_HJ<->19-4198-临翔区临沧市公安局_Q^5309HWCSTPSWf17bb9fd0f19b308^通道AZ端网元与伪线ZA端网元一致端口不一致，且通道中关联伪线ID为不为空，且通道Z端端口和伪线端口均在业务接入点表中^0^2020-07-22 15:30:47^SYSTEM^2020-07-22 15:30:47^SYSTEM_NEW^2020-07-21 17:08:24^3035399269^^
^19-1212-临翔区机场候机厅_B<->19-4198-临翔区临沧市公安局_Q^53953293^-1822504909^--^--^^^366226^56877650^-663328898^2491216527^19-1212-临翔区机场候机厅_B<->19-4198-临翔区临沧市公安局_Q^1^^12^103^^^0^0^53936001^^^--^--^19-1212-临翔区机场候机厅_B<->19-4198-临翔区临沧市公安局_Q^5309HWCSTESP59dffcf004dd3973^^^^^^^^^^19-1212-临翔区机场候机厅_B<->19-4198-临翔区临沧市公安局_Q^5309HWCSTPSW451d366e2fc2cced^通道AZ端网元与伪线ZA端网元一致端口不一致，且通道中关联伪线ID为不为空，且通道Z端端口和伪线端口均在业务接入点表中^0^2020-07-22 15:30:47^SYSTEM^2020-07-22 15:30:47^SYSTEM_NEW^2020-07-21 17:08:21^3035399270^^
^19-1212-临翔区机场候机厅_B<->19-4198-临翔区临沧市公安局_Q^53953293^-1822504909^--^--^^^366226^56879491^-663328898^2491216527^19-1212-临翔区机场候机厅_B<->19-4198-临翔区临沧市公安局_Q^1^^12^103^^^0^0^53936001^^^--^--^19-1212-临翔区机场候机厅_B<->19-4198-临翔区临沧市公安局_Q^5309HWCSTESP59dffcf004dd3973^^^^^^^^^^19-1212-临翔区机场候机厅_B<->19-4198-临翔区临沧市公安局_Q^5309HWCSTPSW451d366e2fc2cced^通道AZ端网元与伪线ZA端网元一致端口不一致，且通道中关联伪线ID为不为空，且通道Z端端口和伪线端口均在业务接入点表中^0^2020-07-22 15:30:47^SYSTEM^2020-07-22 15:30:47^SYSTEM_NEW^2020-07-21 17:08:21^3035399271^^
^19-1212-临翔区机场候机厅_B<->19-4198-临翔区临沧市公安局_Q^53953293^-1822504909^--^--^^^366226^56879492^-663328898^2491216527^19-1212-临翔区机场候机厅_B<->19-4198-临翔区临沧市公安局_Q^1^^12^103^^^0^0^53936001^^^--^--^19-1212-临翔区机场候机厅_B<->19-4198-临翔区临沧市公安局_Q^5309HWCSTESP59dffcf004dd3973^^^^^^^^^^19-1212-临翔区机场候机厅_B<->19-4198-临翔区临沧市公安局_Q^5309HWCSTPSW451d366e2fc2cced^通道AZ端网元与伪线ZA端网元一致端口不一致，且通道中关联伪线ID为不为空，且通道Z端端口和伪线端口均在业务接入点表中^0^2020-07-22 15:30:47^SYSTEM^2020-07-22 15:30:47^SYSTEM_NEW^2020-07-21 17:08:21^3035399272^^
^19-5063-临翔区新客运站共联通_B<->19-4198-临翔区临沧市公安局_Q^-1507982281^-1822504909^--^--^^^366226^-1506811123^-663328898^2491216494^19-5063-临翔区新客运站共联通_B<->19-4198-临翔区临沧市公安局_Q^1^^12^103^^^0^0^53936001^^^--^--^19-5063-临翔区新客运站共联通_B<->19-4198-临翔区临沧市公安局_Q^5309HWCSTESP5e7ad963b12e6220^^^^^^^^^^19-5063-临翔区新客运站共联通_B<->19-4198-临翔区临沧市公安局_Q^5309HWCSTPSW7c5d840dc6eb924b^通道AZ端网元与伪线ZA端网元一致端口不一致，且通道中关联伪线ID为不为空，且通道Z端端口和伪线端口均在业务接入点表中^0^2020-07-22 15:30:47^SYSTEM^2020-07-22 15:30:47^SYSTEM_NEW^2020-07-21 17:08:21^3035399273^^
^11421-镇雄县果珠云岭上坝下坝湾湾头_B<->255-镇雄县果珠_HJ^0^0^--^--^^^2121^0^0^3963247224^11421-镇雄县果珠云岭上坝下坝湾湾头_B<->255-镇雄县果珠_HJ^1^^16^0^^^0^0^53936000^^^--^4025^11421-镇雄县果珠云岭上坝下坝湾湾头_B<->255-镇雄县果珠_HJ^5306HWCSTETP72a83c843f3bb0e4^^^^^^^^^^11421-镇雄县果珠云岭上坝下坝湾湾头_B<->255-镇雄县果珠_HJ^5306HWCSTPSW197d88ac0982957d^通道AZ端网元与伪线ZA端网元一致端口不一致，且通道中关联伪线ID为不为空，且通道Z端端口和伪线端口均在业务接入点表中^0^2021-06-17 12:25:20^SYSTEM^2020-07-22 15:30:47^SYSTEM_NEW^2021-06-17 12:25:20^3035399274^^
^7230-武定县卫生局_Q<->7524-武定县医院^0^0^--^--^^^2222^0^0^3962575538^7230-武定县卫生局_Q<->7524-武定县医院^1^^6^0^^^0^0^53935989^^^15^537^7230-武定县卫生局_Q<->7524-武定县医院^5323HWCSTETP1c88fde4704cb274^^^^^^^^^^7230-武定县卫生局_Q<->7524-武定县医院^5323HWCSTPSW763e374ca9379626^通道AZ端网元与伪线AZ端网元一致端口不一致，且通道中关联伪线ID为不为空，且通道A端端口和伪线端口均在业务接入点表中^0^2021-06-16 23:05:46^SYSTEM^2020-07-22 15:30:47^SYSTEM_NEW^2021-06-16 23:05:46^3035399276^^
^PW-全业务-EVPTREE-墨江县托洛政法委专线^-1357772975^256781144^^^^^2217^-1329934097^257228354^4807950861^PW-全业务-EVPTREE-墨江县托洛政法委专线^1^^4^57^^^0^0^53935986^^^^1021^PW-全业务-EVPTREE-墨江县托洛政法委专线^5308ZTCS1ESP0945898553PA8^^^^^^^^^^PW-全业务-EVPTREE-墨江县托洛政法委专线^5308ZTCS1PSW44WHOXDHITMG^通道AZ端网元与伪线AZ端网元一致端口不一致，且通道中关联伪线ID为不为空，且通道A端端口和伪线端口均在业务接入点表中^0^2021-12-27 04:41:54^SYSTEM^2020-07-22 15:30:47^SYSTEM_NEW^2021-12-27 04:41:54^3035399277^^
^PW-全业务-EVPTREE-墨江县托洛政法委专线^-1357772975^256781144^^^^^2217^-1357767843^257228354^-167589180^PW-全业务-EVPTREE-墨江县托洛政法委专线^1^^4^57^^^0^0^53935986^^^^1021^PW-全业务-EVPTREE-墨江县托洛政法委专线^5308ZTCS1ESP0945898553PA8^^^^^^^^^^PW-全业务-EVPTREE-墨江县托洛政法委专线^5308ZTCS1PSW44WHOXDHITMG^通道AZ端网元与伪线AZ端网元一致端口不一致，且通道中关联伪线ID为不为空，且通道A端端口和伪线端口均在业务接入点表中^0^2020-07-22 15:30:47^SYSTEM^2020-07-22 15:30:47^SYSTEM_NEW^2020-07-21 15:28:14^3035399278^^
^PW-全业务-7158-隆阳区公安局(新)_Q^-869394970^53995853^^^^^2015^-842366089^57848250^3960479419^PW-全业务-7158-隆阳区公安局(新)_Q^1^^8^93^^^0^0^53935997^^^3504^^PW-全业务-7158-隆阳区公安局(新)_Q^5305ZTCS1ESP20907390774FVLZ5^^^^^^^^^^PW-全业务-7158-隆阳区公安局(新)_Q^5305ZTCS1PSW44WIN9565LC9^通道AZ端网元与伪线AZ端网元一致端口不一致，且通道中关联伪线ID为不为空，且通道A端端口和伪线端口均在业务接入点表中^0^2021-12-28 16:58:20^SYSTEM^2020-07-22 15:30:47^SYSTEM_NEW^2021-12-28 16:58:20^3035399280^^
^PW-全业务-7158-隆阳区公安局(新)_Q^-869394970^53995853^^^^^2015^-862939705^57848250^-578420101^PW-全业务-7158-隆阳区公安局(新)_Q^1^^8^93^^^0^0^53935997^^^3504^^PW-全业务-7158-隆阳区公安局(新)_Q^5305ZTCS1ESP20907390774FVLZ5^^^^^^^^^^PW-全业务-7158-隆阳区公安局(新)_Q^5305ZTCS1PSW44WIN9565LC9^通道AZ端网元与伪线AZ端网元一致端口不一致，且通道中关联伪线ID为不为空，且通道A端端口和伪线端口均在业务接入点表中^0^2020-07-22 15:30:47^SYSTEM^2020-07-22 15:30:47^SYSTEM_NEW^2020-07-22 12:06:56^3035399281^^
^PW-W-6650-洱源县交警大队6180^-1820371464^-1328450745^^^^^2195^-1450709970^-1326468452^4854322850^PW-W-6650-洱源县交警大队6180^1^^5^64^^^0^0^53935982^^^^^PW-W-6650-洱源县交警大队6180^5329ZTCS1ESP1932529377PA8^^^^^^^^^^PW-W-6650-洱源县交警大队6180^5329ZTCS1PSW4506RW4NWUIV^通道AZ端网元与伪线AZ端网元一致端口不一致，且通道中关联伪线ID为不为空，且通道A端端口和伪线端口均在业务接入点表中^0^2021-12-29 00:26:52^SYSTEM^2020-07-22 15:30:47^SYSTEM_NEW^2021-12-29 00:26:52^3035399282^^
^PW-W-6650-洱源县交警大队6180^-1820371464^-1328450745^^^^^2195^-1450709973^-1326468440^-577926997^PW-W-6650-洱源县交警大队6180^1^^5^64^^^0^0^53935982^^^^^PW-W-6650-洱源县交警大队6180^5329ZTCS1ESP1932529377PA8^^^^^^^^^^PW-W-6650-洱源县交警大队6180^5329ZTCS1PSW4506RW4NWUIV^通道AZ端网元与伪线AZ端网元一致端口不一致，且通道中关联伪线ID为不为空，且通道A端端口和伪线端口均在业务接入点表中^0^2020-07-22 15:30:47^SYSTEM^2020-07-22 15:30:47^SYSTEM_NEW^2020-07-22 13:25:01^3035399283^^
^W:PW-10788-红河州蒙自市边境管理支队_988-河口桥头加油站-386721^-168571777^53967129^^^^^366305^-168570510^-1745454496^3961485364^W:PW-10788-红河州蒙自市边境管理支队_988-河口桥头加油站-386721^1^^10^34^^^0^0^53935998^^^^^W:PW-10788-红河州蒙自市边境管理支队_988-河口桥头加油站-386721^5325ZTCS1ESP0616034996PA8^^^^^^^^^^W:PW-10788-红河州蒙自市边境管理支队_988-河口桥头加油站-386721^5325ZTCS1PSW446GZWG1KZDV^通道AZ端网元与伪线AZ端网元一致端口不一致，且通道中关联伪线ID为不为空，且通道A端端口和伪线端口均在业务接入点表中^0^2021-12-27 01:17:27^SYSTEM^2020-07-22 15:30:47^SYSTEM_NEW^2021-12-27 01:17:27^3035399284^^
^PW-213-屏边老邮局_61-红河州屏边县检察院（新移动办公楼）五楼_HX-182793^53968255^53968120^^^^^366307^56319297^56319138^3961458714^PW-213-屏边老邮局_61-红河州屏边县检察院（新移动办公楼）五楼_HX-182793^1^^10^36^^^0^0^53935998^^^28^28^PW-213-屏边老邮局_61-红河州屏边县检察院（新移动办公楼）五楼_HX-182793^5325ZTCS1ESP1610130387PAK^^^^^^^^^^PW-213-屏边老邮局_61-红河州屏边县检察院（新移动办公楼）五楼_HX-182793^5325ZTCS1PSW446GZWG17RTH^通道AZ端网元与伪线ZA端网元一致端口不一致，且通道中关联伪线ID为不为空，且通道A端端口和伪线端口均在业务接入点表中^0^2021-12-27 01:15:28^SYSTEM^2020-07-22 15:30:47^SYSTEM_NEW^2021-12-27 01:15:28^3035399147^^
^PW-W-6717-洱源县茈碧湖欢畅基站_B^-1805467657^-1820371464^^^^^2195^-1804722098^-1450709970^4854315778^PW-W-6717-洱源县茈碧湖欢畅基站_B^1^^5^64^^^0^0^53935982^^^^^PW-W-6717-洱源县茈碧湖欢畅基站_B^5329ZTCS1ESP1392877553PA8^^^^^^^^^^PW-W-6717-洱源县茈碧湖欢畅基站_B^5329ZTCS1PSW4506RW4NXIH6^通道AZ端网元与伪线ZA端网元一致端口不一致，且通道中关联伪线ID为不为空，且通道Z端端口和伪线端口均在业务接入点表中^0^2021-12-29 00:27:12^SYSTEM^2020-07-22 15:30:47^SYSTEM_NEW^2021-12-29 00:27:12^3035399150^^
^19-2724-沧源县单甲嘎多东丁水库<->19-4592-沧源县公安局_Q^0^0^--^--^^^366251^0^0^3962738475^19-2724-沧源县单甲嘎多东丁水库<->19-4592-沧源县公安局^1^^12^0^^^0^0^53936001^^^500^500^19-2724-沧源县单甲嘎多东丁水库<->19-4592-沧源县公安局_Q^5309HWCSTETPb8da2876cd0b91e6^^^^^^^^^^19-2724-沧源县单甲嘎多东丁水库<->19-4592-沧源县公安局_Q^5309HWCSTPSW1e27aa9e8f88e788^通道AZ端网元与伪线ZA端网元一致端口不一致，且通道中关联伪线ID为不为空，且通道Z端端口和伪线端口均在业务接入点表中^0^2021-06-17 05:13:36^SYSTEM^2020-07-22 15:30:47^SYSTEM_NEW^2021-06-17 05:13:36^3035399151^^
^19-2724-沧源县单甲嘎多东丁水库<->19-4592-沧源县公安局^53982195^-1687870293^--^--^^^366251^-663292729^-255607995^2384587772^19-2724-沧源县单甲嘎多东丁水库<->19-4592-沧源县公安局^1^^12^104^^^0^0^53936001^^^500^500^19-2724-沧源县单甲嘎多东丁水库<->19-4592-沧源县公安局^5309HWCSTESP5c71a844c6aaa15a^^^^^^^^^^19-2724-沧源县单甲嘎多东丁水库<->19-4592-沧源县公安局^5309HWCSTPSW1e27aa9e8f88e788^通道AZ端网元与伪线ZA端网元一致端口不一致，且通道中关联伪线ID为不为空，且通道Z端端口和伪线端口均在业务接入点表中^0^2020-07-22 15:30:47^SYSTEM^2020-07-22 15:30:47^SYSTEM_NEW^2020-07-21 17:08:19^3035399152^^
^19-2724-沧源县单甲嘎多东丁水库<->19-4592-沧源县公安局^53982195^-1687870293^--^--^^^366251^-663292729^-1684771873^2384587772^19-2724-沧源县单甲嘎多东丁水库<->19-4592-沧源县公安局^1^^12^104^^^0^0^53936001^^^500^500^19-2724-沧源县单甲嘎多东丁水库<->19-4592-沧源县公安局^5309HWCSTESP5c71a844c6aaa15a^^^^^^^^^^19-2724-沧源县单甲嘎多东丁水库<->19-4592-沧源县公安局^5309HWCSTPSW1e27aa9e8f88e788^通道AZ端网元与伪线ZA端网元一致端口不一致，且通道中关联伪线ID为不为空，且通道Z端端口和伪线端口均在业务接入点表中^0^2020-07-22 15:30:47^SYSTEM^2020-07-22 15:30:47^SYSTEM_NEW^2020-07-21 17:08:19^3035399153^^
^19-2724-沧源县单甲嘎多东丁水库<->19-4592-沧源县公安局^53982195^-1687870293^--^--^^^366251^-663292728^-255607995^2384587772^19-2724-沧源县单甲嘎多东丁水库<->19-4592-沧源县公安局^1^^12^104^^^0^0^53936001^^^500^500^19-2724-沧源县单甲嘎多东丁水库<->19-4592-沧源县公安局^5309HWCSTESP5c71a844c6aaa15a^^^^^^^^^^19-2724-沧源县单甲嘎多东丁水库<->19-4592-沧源县公安局^5309HWCSTPSW1e27aa9e8f88e788^通道AZ端网元与伪线ZA端网元一致端口不一致，且通道中关联伪线ID为不为空，且通道Z端端口和伪线端口均在业务接入点表中^0^2020-07-22 15:30:47^SYSTEM^2020-07-22 15:30:47^SYSTEM_NEW^2020-07-21 17:08:19^3035399154^^
^PW-专线-W-17-勐海县移动综合大楼9004_HJ^53996796^53968104^^^^^366261^57937246^56349746^4738615203^PW-专线-W-17-勐海县移动综合大楼9004_HJ^1^^13^112^^^0^0^53935987^^^^^PW-专线-W-17-勐海县移动综合大楼9004_HJ^5328ZTCS1ESP1276779334PEY^^^^^^^^^^PW-专线-W-17-勐海县移动综合大楼9004_HJ^5328ZTCS1PSW4578R3OOFT14^通道AZ端网元与伪线ZA端网元一致端口不一致，且通道中关联伪线ID为不为空，且通道Z端端口和伪线端口均在业务接入点表中^0^2021-12-28 13:38:21^SYSTEM^2020-07-22 15:30:47^SYSTEM_NEW^2021-12-28 13:38:21^3035399155^^
^PW-营业厅改造-163-洱源新移动9008-598-洱源炼铁6300^-1820371477^-1323353213^^^^^2195^-1816079239^-1321953746^4854309334^PW-营业厅改造-163-洱源新移动9008-598-洱源炼铁6300^1^^5^64^^^0^0^53935982^^^^^PW-营业厅改造-163-洱源新移动9008-598-洱源炼铁6300^5329ZTCS1ESP0772706490PA8^^^^^^^^^^PW-营业厅改造-163-洱源新移动9008-598-洱源炼铁6300^5329ZTCS1PSW44W58DOQUBEJ^通道AZ端网元与伪线AZ端网元一致端口不一致，且通道中关联伪线ID为不为空，且通道A端端口和伪线端口均在业务接入点表中^0^2021-12-29 00:26:17^SYSTEM^2020-07-22 15:30:47^SYSTEM_NEW^2021-12-29 00:26:17^3035399156^^
^8223-南华县政务中心（全业务接入）_Q<->14396-南华县农业银行^249644982^2171933213^--^--^^^2150^252173675^0^2167755511^8223-南华县政务中心（全业务接入）_Q<->14396-南华县农业银行^1^^6^78^^^0^0^53935989^^^--^^8223-南华县政务中心（全业务接入）_Q<->14396-南华县农业银行^5323HWCSTESPee34693fbfbb2ac3^^^^^^^^^^8223-南华县政务中心（全业务接入）_Q<->14396-南华县农业银行^5323HWCSTPSWdf88ab0f8ff519d5^通道AZ端网元与伪线AZ端网元一致端口不一致，且通道中关联伪线ID为不为空，且通道A端端口和伪线端口均在业务接入点表中^0^2020-08-04 17:44:59^SYSTEM^2020-07-22 15:30:47^SYSTEM_NEW^2020-08-04 17:44:59^3035399158^^
^PW-全业务-3266-文山市开化小沟绞6220^-1770164841^237906169^^^^^2226^-1389746818^-1645473546^4808457190^PW-全业务-3266-文山市开化小沟绞6220^1^^9^118^^^0^0^53935988^^^^^PW-全业务-3266-文山市开化小沟绞6220^5326ZTCS1ESP0413339855PA8^^^^^^^^^^PW-全业务-3266-文山市开化小沟绞6220^5326ZTCS1PSW453WAFCEUXFP^通道AZ端网元与伪线AZ端网元一致端口不一致，且通道中关联伪线ID为不为空，且通道A端端口和伪线端口均在业务接入点表中^0^2021-12-27 06:04:29^SYSTEM^2020-07-22 15:30:47^SYSTEM_NEW^2021-12-27 06:04:29^3035399159^^
^PW-W-6650-洱源县交警大队6180_Q^-1820371464^-1328450745^^^^^2195^-1450709970^-1326468452^4854322850^PW-W-6650-洱源县交警大队6180_Q^1^^5^64^^^0^0^53935982^^^^^PW-W-6650-洱源县交警大队6180_Q^5329ZTCS1ESP1932529377PA8^^^^^^^^^^PW-W-6650-洱源县交警大队6180_Q^5329ZTCS1PSW4506RW4NXHC7^通道AZ端网元与伪线AZ端网元一致端口不一致，且通道中关联伪线ID为不为空，且通道A端端口和伪线端口均在业务接入点表中^0^2021-12-29 00:27:49^SYSTEM^2020-07-22 15:30:47^SYSTEM_NEW^2021-12-29 00:27:49^3035399160^^
^PW-W-6650-洱源县交警大队6180_Q^-1820371464^-1328450745^^^^^2195^-1450709973^-1326468439^-577926997^PW-W-6650-洱源县交警大队6180_Q^1^^5^64^^^0^0^53935982^^^^^PW-W-6650-洱源县交警大队6180_Q^5329ZTCS1ESP1932529377PA8^^^^^^^^^^PW-W-6650-洱源县交警大队6180_Q^5329ZTCS1PSW4506RW4NXHC7^通道AZ端网元与伪线AZ端网元一致端口不一致，且通道中关联伪线ID为不为空，且通道A端端口和伪线端口均在业务接入点表中^0^2020-07-22 15:30:47^SYSTEM^2020-07-22 15:30:47^SYSTEM_NEW^2020-07-22 13:25:18^3035399161^^
^PW-全业务-7139-隆阳区市交警支队-11928^-900939076^53976655^100000^100000^^^2015^2721728235^-1804762248^3960474755^PW-全业务-7139-隆阳区市交警支队-11928^1^^8^93^^^0^0^53935997^^^102^^PW-全业务-7139-隆阳区市交警支队-11928^5305ZTCS1ESP0525904005PCI^^^^^^^^^^PW-全业务-7139-隆阳区市交警支队-11928^5305ZTCS1PSW44WIN9565RKD^通道AZ端网元与伪线AZ端网元一致端口不一致，且通道中关联伪线ID为不为空，且通道A端端口和伪线端口均在业务接入点表中^0^2021-12-28 16:59:07^SYSTEM^2020-07-22 15:30:47^SYSTEM_NEW^2021-12-28 16:59:07^3035399162^^
^PW-全业务-7139-隆阳区市交警支队-11928^-900939076^53976655^^^^^2015^-897647639^-1804762248^-578419820^PW-全业务-7139-隆阳区市交警支队-11928^1^^8^93^^^0^0^53935997^^^102^^PW-全业务-7139-隆阳区市交警支队-11928^5305ZTCS1ESP0525904005PCI^^^^^^^^^^PW-全业务-7139-隆阳区市交警支队-11928^5305ZTCS1PSW44WIN9565RKD^通道AZ端网元与伪线AZ端网元一致端口不一致，且通道中关联伪线ID为不为空，且通道A端端口和伪线端口均在业务接入点表中^0^2020-07-22 15:30:47^SYSTEM^2020-07-22 15:30:47^SYSTEM_NEW^2020-07-22 12:07:18^3035399163^^
^PW-全业务-7139-隆阳区市交警支队-96^-900939076^-1407594151^^^^^2015^2721728235^-1399754834^-578416249^PW-全业务-7139-隆阳区市交警支队-96^1^^8^93^^^0^0^53935997^^^102^^PW-全业务-7139-隆阳区市交警支队-96^5305ZTCS1ESP0525904005PCI^^^^^^^^^^PW-全业务-7139-隆阳区市交警支队-96^5305ZTCS1PSW44WIN9565OVM^通道AZ端网元与伪线AZ端网元一致端口不一致，且通道中关联伪线ID为不为空，且通道A端端口和伪线端口均在业务接入点表中^0^2020-08-11 11:54:44^SYSTEM^2020-07-22 15:30:47^SYSTEM_NEW^2020-08-11 11:54:44^3035399167^^
^W:PW-10451-红河州弥勒县国税局_5553-红河州弥勒县地税局_B-324234^-596224528^2003976584^^^^^2081^-596188475^2075435431^3961483581^W:PW-10451-红河州弥勒县国税局_5553-红河州弥勒县地税局_B-324234^1^^10^32^^^0^0^53935998^^^^^W:PW-10451-红河州弥勒县国税局_5553-红河州弥勒县地税局_B-324234^5325ZTCS1ESP1578036347PAF^^^^^^^^^^W:PW-10451-红河州弥勒县国税局_5553-红河州弥勒县地税局_B-324234^5325ZTCS1PSW446GZWG1K3BF^通道AZ端网元与伪线AZ端网元一致端口不一致，且通道中关联伪线ID为不为空，且通道A端端口和伪线端口均在业务接入点表中^0^2021-12-27 01:17:37^SYSTEM^2020-07-22 15:30:47^SYSTEM_NEW^2021-12-27 01:17:37^3035399168^^
^W:PW-10451-红河州弥勒县国税局_5553-红河州弥勒县地税局_B-324234^-596224528^2003976584^^^^^2081^-596188474^2075435439^-577449939^W:PW-10451-红河州弥勒县国税局_5553-红河州弥勒县地税局_B-324234^1^^10^32^^^0^0^53935998^^^^^W:PW-10451-红河州弥勒县国税局_5553-红河州弥勒县地税局_B-324234^5325ZTCS1ESP1578036347PAF^^^^^^^^^^W:PW-10451-红河州弥勒县国税局_5553-红河州弥勒县地税局_B-324234^5325ZTCS1PSW446GZWG1K3BF^通道AZ端网元与伪线AZ端网元一致端口不一致，且通道中关联伪线ID为不为空，且通道A端端口和伪线端口均在业务接入点表中^0^2020-07-22 15:30:47^SYSTEM^2020-07-22 15:30:47^SYSTEM_NEW^2020-07-22 14:39:10^3035399169^^
^PW-全业务-706-广南电子政务^53967692^53976610^^^^^2226^56587135^56631541^-576272583^PW-全业务-706-广南电子政务^1^^9^120^^^0^0^53935988^^^^^PW-全业务-706-广南电子政务^5326ZTCS1ESP1943057844PB8^^^^^^^^^^PW-全业务-706-广南电子政务^5326ZTCS1PSW453WAFCEQVOC^通道AZ端网元与伪线ZA端网元一致端口不一致，且通道中关联伪线ID为不为空，且通道A端端口和伪线端口均在业务接入点表中^0^2020-08-10 15:40:47^SYSTEM^2020-07-22 15:30:47^SYSTEM_NEW^2020-08-10 15:40:47^3035399170^^
^2855-昭阳区阿鲁白隧道_B<->2749-昭阳区交警二大队指挥中心_Q^0^0^--^--^^^2158^0^0^3963245630^2855-昭阳区阿鲁白隧道_B<->2749-昭阳区交警二大队指挥中心_Q^1^^16^0^^^0^0^53936000^^^--^--^2855-昭阳区阿鲁白隧道_B<->2749-昭阳区交警二大队指挥中心_Q^5306HWCSTETP6f742d48d64b2505^^^^^^^^^^2855-昭阳区阿鲁白隧道_B<->2749-昭阳区交警二大队指挥中心_Q^5306HWCSTPSW2af5e533c3dff1d7^通道AZ端网元与伪线ZA端网元一致端口不一致，且通道中关联伪线ID为不为空，且通道A端端口和伪线端口均在业务接入点表中^0^2021-06-17 12:25:25^SYSTEM^2020-07-22 15:30:47^SYSTEM_NEW^2021-06-17 12:25:25^3035399171^^
^2855-昭阳区阿鲁白隧道_B<->2749-昭阳区交警二大队指挥中心_Q^-1503821385^223484397^--^--^^^2158^-1503078428^2499347450^2500688182^2855-昭阳区阿鲁白隧道_B<->2749-昭阳区交警二大队指挥中心_Q^1^^16^131^^^0^0^53936000^^^--^--^2855-昭阳区阿鲁白隧道_B<->2749-昭阳区交警二大队指挥中心_Q^5306HWCSTESP4e7f3221899698fa^^^^^^^^^^2855-昭阳区阿鲁白隧道_B<->2749-昭阳区交警二大队指挥中心_Q^5306HWCSTPSW2af5e533c3dff1d7^通道AZ端网元与伪线ZA端网元一致端口不一致，且通道中关联伪线ID为不为空，且通道A端端口和伪线端口均在业务接入点表中^0^2020-07-22 15:30:47^SYSTEM^2020-07-22 15:30:47^SYSTEM_NEW^2020-07-21 17:39:28^3035399172^^
^2855-昭阳区阿鲁白隧道_B<->2749-昭阳区交警二大队指挥中心_Q^-1503821385^223484397^--^--^^^2158^-1503078429^2499347450^2500688182^2855-昭阳区阿鲁白隧道_B<->2749-昭阳区交警二大队指挥中心_Q^1^^16^131^^^0^0^53936000^^^--^--^2855-昭阳区阿鲁白隧道_B<->2749-昭阳区交警二大队指挥中心_Q^5306HWCSTESP4e7f3221899698fa^^^^^^^^^^2855-昭阳区阿鲁白隧道_B<->2749-昭阳区交警二大队指挥中心_Q^5306HWCSTPSW2af5e533c3dff1d7^通道AZ端网元与伪线ZA端网元一致端口不一致，且通道中关联伪线ID为不为空，且通道A端端口和伪线端口均在业务接入点表中^0^2020-07-22 15:30:47^SYSTEM^2020-07-22 15:30:47^SYSTEM_NEW^2020-07-21 17:39:28^3035399173^^
^2855-昭阳区阿鲁白隧道_B<->2749-昭阳区交警二大队指挥中心_Q^-1503821385^223484397^--^--^^^2158^-1503078427^2499347450^2500688182^2855-昭阳区阿鲁白隧道_B<->2749-昭阳区交警二大队指挥中心_Q^1^^16^131^^^0^0^53936000^^^--^--^2855-昭阳区阿鲁白隧道_B<->2749-昭阳区交警二大队指挥中心_Q^5306HWCSTESP4e7f3221899698fa^^^^^^^^^^2855-昭阳区阿鲁白隧道_B<->2749-昭阳区交警二大队指挥中心_Q^5306HWCSTPSW2af5e533c3dff1d7^通道AZ端网元与伪线ZA端网元一致端口不一致，且通道中关联伪线ID为不为空，且通道A端端口和伪线端口均在业务接入点表中^0^2020-07-22 15:30:47^SYSTEM^2020-07-22 15:30:47^SYSTEM_NEW^2020-07-21 17:39:28^3035399174^^
^2855-昭阳区阿鲁白隧道_B<->2749-昭阳区交警二大队指挥中心_Q^-1503821385^223484397^--^--^^^2158^-1503078426^2499347450^2500688182^2855-昭阳区阿鲁白隧道_B<->2749-昭阳区交警二大队指挥中心_Q^1^^16^131^^^0^0^53936000^^^--^--^2855-昭阳区阿鲁白隧道_B<->2749-昭阳区交警二大队指挥中心_Q^5306HWCSTESP4e7f3221899698fa^^^^^^^^^^2855-昭阳区阿鲁白隧道_B<->2749-昭阳区交警二大队指挥中心_Q^5306HWCSTPSW2af5e533c3dff1d7^通道AZ端网元与伪线ZA端网元一致端口不一致，且通道中关联伪线ID为不为空，且通道A端端口和伪线端口均在业务接入点表中^0^2020-07-22 15:30:47^SYSTEM^2020-07-22 15:30:47^SYSTEM_NEW^2020-07-21 17:39:28^3035399175^^
^19-1293-临翔区和谐广场_HJ<->19-4198-临翔区临沧市公安局_Q^54019153^-1822504909^--^--^^^366226^58378580^-663328898^2491216485^19-1293-临翔区和谐广场_HJ<->19-4198-临翔区临沧市公安局_Q^1^^12^103^^^0^0^53936001^^^--^--^19-1293-临翔区和谐广场_HJ<->19-4198-临翔区临沧市公安局_Q^5309HWCSTESP6517d5135475e35a^^^^^^^^^^19-1293-临翔区和谐广场_HJ<->19-4198-临翔区临沧市公安局_Q^5309HWCSTPSW73095d61c7cf5649^通道AZ端网元与伪线ZA端网元一致端口不一致，且通道中关联伪线ID为不为空，且通道Z端端口和伪线端口均在业务接入点表中^0^2020-07-22 15:30:47^SYSTEM^2020-07-22 15:30:47^SYSTEM_NEW^2020-07-21 17:08:24^3035399181^^
^PW-4G-W-81249-隆阳区市中心血站_Q-51405^147840018^-1847319635^20000^20000^^^2015^148227333^-1805589149^3960467184^PW-4G-W-81249-隆阳区市中心血站_Q-51405^1^^8^93^^^0^0^53935997^^^^804^PW-4G-W-81249-隆阳区市中心血站_Q-51405^5305ZTCS1ESP1894307456PAI^^^^^^^^^^PW-4G-W-81249-隆阳区市中心血站_Q-51405^5305ZTCS1PSW44WIN9565YDN^通道AZ端网元与伪线ZA端网元一致端口不一致，且通道中关联伪线ID为不为空，且通道Z端端口和伪线端口均在业务接入点表中^0^2021-12-28 16:58:57^SYSTEM^2020-07-22 15:30:47^SYSTEM_NEW^2021-12-28 16:58:57^3035399182^^
^PW-EPTREE-澜沧县平安城市PTN监控点业务左都村中寨路口^53976515^-1618912798^^^^^2265^56651821^-1618363398^4807953931^PW-EPTREE-澜沧县平安城市PTN监控点业务左都村中寨路口^1^^4^55^^^0^0^53935986^^^^^PW-EPTREE-澜沧县平安城市PTN监控点业务左都村中寨路口^5308ZTCS1ESP0504366612PIU^^^^^^^^^^PW-EPTREE-澜沧县平安城市PTN监控点业务左都村中寨路口^5308ZTCS1PSW44WHOXDHKAS3^通道AZ端网元与伪线AZ端网元一致端口不一致，且通道中关联伪线ID为不为空，且通道A端端口和伪线端口均在业务接入点表中^0^2021-12-27 04:43:07^SYSTEM^2020-07-22 15:30:47^SYSTEM_NEW^2021-12-27 04:43:07^3035399183^^
^PW-全业务-7158-隆阳区公安局（新）_B-10021^-869394970^-1693718272^^^^^2015^-842365767^-1687856976^3960455803^PW-全业务-7158-隆阳区公安局（新）_B-10021^1^^8^93^^^0^0^53935997^^^3501^^PW-全业务-7158-隆阳区公安局（新）_B-10021^5305ZTCS1ESP20907389844FVLZ5^^^^^^^^^^PW-全业务-7158-隆阳区公安局（新）_B-10021^5305ZTCS1PSW44WIN95657HY^通道AZ端网元与伪线AZ端网元一致端口不一致，且通道中关联伪线ID为不为空，且通道A端端口和伪线端口均在业务接入点表中^0^2021-12-28 16:59:08^SYSTEM^2020-07-22 15:30:47^SYSTEM_NEW^2021-12-28 16:59:08^3035399184^^
^PW-全业务-7139-隆阳区市交警支队-11819^-900939076^-1892472394^^^^^2015^2721728235^-1891130300^-578413352^PW-全业务-7139-隆阳区市交警支队-11819^1^^8^93^^^0^0^53935997^^^102^^PW-全业务-7139-隆阳区市交警支队-11819^5305ZTCS1ESP0525904005PCI^^^^^^^^^^PW-全业务-7139-隆阳区市交警支队-11819^5305ZTCS1PSW44WIN9565OGA^通道AZ端网元与伪线AZ端网元一致端口不一致，且通道中关联伪线ID为不为空，且通道A端端口和伪线端口均在业务接入点表中^0^2020-08-11 11:54:41^SYSTEM^2020-07-22 15:30:47^SYSTEM_NEW^2020-08-11 11:54:41^3035399186^^
^PW-全业务-7139-隆阳区市交警支队-11819^-900939076^-1892472394^^^^^2015^-897647636^-1891130300^-578413352^PW-全业务-7139-隆阳区市交警支队-11819^1^^8^93^^^0^0^53935997^^^102^^PW-全业务-7139-隆阳区市交警支队-11819^5305ZTCS1ESP0525904005PCI^^^^^^^^^^PW-全业务-7139-隆阳区市交警支队-11819^5305ZTCS1PSW44WIN9565OGA^通道AZ端网元与伪线AZ端网元一致端口不一致，且通道中关联伪线ID为不为空，且通道A端端口和伪线端口均在业务接入点表中^0^2020-07-22 15:30:47^SYSTEM^2020-07-22 15:30:47^SYSTEM_NEW^2020-07-22 12:07:09^3035399187^^
^PW-全业务-7139-隆阳区市交警支队-185^-900939076^-1599170030^^^^^2015^2721728235^-1598571330^3960474194^PW-全业务-7139-隆阳区市交警支队-185^1^^8^93^^^0^0^53935997^^^102^^PW-全业务-7139-隆阳区市交警支队-185^5305ZTCS1ESP0525904005PCI^^^^^^^^^^PW-全业务-7139-隆阳区市交警支队-185^5305ZTCS1PSW44WIN9565VBH^通道AZ端网元与伪线AZ端网元一致端口不一致，且通道中关联伪线ID为不为空，且通道A端端口和伪线端口均在业务接入点表中^0^2021-12-28 16:59:11^SYSTEM^2020-07-22 15:30:47^SYSTEM_NEW^2021-12-28 16:59:11^3035399189^^
^PW-全业务-7139-隆阳区市交警支队-185^-900939076^-1599170030^^^^^2015^-357421587^-1598571329^-578413192^PW-全业务-7139-隆阳区市交警支队-185^1^^8^93^^^0^0^53935997^^^102^^PW-全业务-7139-隆阳区市交警支队-185^5305ZTCS1ESP0525904005PCI^^^^^^^^^^PW-全业务-7139-隆阳区市交警支队-185^5305ZTCS1PSW44WIN9565VBH^通道AZ端网元与伪线AZ端网元一致端口不一致，且通道中关联伪线ID为不为空，且通道A端端口和伪线端口均在业务接入点表中^0^2020-07-22 15:30:47^SYSTEM^2020-07-22 15:30:47^SYSTEM_NEW^2020-07-21 11:50:48^3035399190^^
^PW-全业务-7158-隆阳区公安局(新)_Q-794^-869394970^-1149659762^^^^^2015^-842365996^-1146637914^3960472450^PW-全业务-7158-隆阳区公安局(新)_Q-794^1^^8^93^^^0^0^53935997^^^3500^^PW-全业务-7158-隆阳区公安局(新)_Q-794^5305ZTCS1ESP209073895388ELRG^^^^^^^^^^PW-全业务-7158-隆阳区公安局(新)_Q-794^5305ZTCS1PSW44WIN9566U2H^通道AZ端网元与伪线AZ端网元一致端口不一致，且通道中关联伪线ID为不为空，且通道A端端口和伪线端口均在业务接入点表中^0^2021-12-28 16:58:33^SYSTEM^2020-07-22 15:30:47^SYSTEM_NEW^2021-12-28 16:58:33^3035399191^^
^W:PW-4105-红河州蒙自县州交警队高管大队集客站点_Q（在环内）_3674-弥勒朋普立交-382107^219982879^144883709^^^^^366305^220336355^145142684^-577488410^W:PW-4105-红河州蒙自县州交警队高管大队集客站点_Q（在环内）_3674-弥勒朋普立交-382107^1^^10^34^^^0^0^53935998^^^^^W:PW-4105-红河州蒙自县州交警队高管大队集客站点_Q（在环内）_3674-弥勒朋普立交-382107^5325ZTCS1ESP0391183615PD6^^^^^^^^^^W:PW-4105-红河州蒙自县州交警队高管大队集客站点_Q（在环内）_3674-弥勒朋普立交-382107^5325ZTCS1PSW446GZWG1KWHG^通道AZ端网元与伪线ZA端网元一致端口不一致，且通道中关联伪线ID为不为空，且通道A端端口和伪线端口均在业务接入点表中^0^2020-07-22 15:30:47^SYSTEM^2020-07-22 15:30:47^SYSTEM_NEW^2020-07-22 14:39:42^3035399192^^
^W:PW-6105-红河州蒙自县天马路大台子段_B_5096-红河州个旧市移动大楼八楼6500-L2L3主1_HX-510949^-1953422685^275482558^^^^^^-1953408916^-1419905475^-577471967^W:PW-6105-红河州蒙自县天马路大台子段_B_5096-红河州个旧市移动大楼八楼6500-L2L3主1_HX-510949^1^^10^34^^^0^0^53935998^^^2858^2858^W:PW-6105-红河州蒙自县天马路大台子段_B_5096-红河州个旧市移动大楼八楼6500-L2L3主1_HX-510949^5325ZTCS1ESP01827996077JCSOA^^^^^^^^^^W:PW-6105-红河州蒙自县天马路大台子段_B_5096-红河州个旧市移动大楼八楼6500-L2L3主1_HX-510949^5325ZTCS1PSW446GZWG1MQ3G^通道AZ端网元与伪线ZA端网元一致端口不一致，且通道中关联伪线ID为不为空，且通道Z端端口和伪线端口均在业务接入点表中^0^2020-11-07 14:52:16^SYSTEM^2020-07-22 15:30:47^SYSTEM_NEW^2020-11-07 14:52:16^3035399193^^
^PW-全业务-83070-龙陵县田坡村委会_Q-6469^54022454^-1775927807^100000^100000^^^2043^58249600^-1775115727^-578432446^PW-全业务-83070-龙陵县田坡村委会_Q-6469^1^^8^95^^^0^0^53935997^^^^820^PW-全业务-83070-龙陵县田坡村委会_Q-6469^5305ZTCS1ESP0859717662PAE^^^^^^^^^^PW-全业务-83070-龙陵县田坡村委会_Q-6469^5305ZTCS1PSW44WIN95635PT^通道AZ端网元与伪线ZA端网元一致端口不一致，且通道中关联伪线ID为不为空，且通道Z端端口和伪线端口均在业务接入点表中^0^2020-07-22 15:30:47^SYSTEM^2020-07-22 15:30:47^SYSTEM_NEW^2020-07-22 12:07:17^3035399194^^
^PW-集客专线-6072-宾川县移动6500_HX-6731-宾川县金牛镇白塔上村_B^-1892471874^-1805467658^^^^^2053^-1890408762^0^4854317456^PW-集客专线-6072-宾川县移动6500_HX-6731-宾川县金牛镇白塔上村_B^1^^5^453647^^^0^0^53935982^^^^^PW-集客专线-6072-宾川县移动6500_HX-6731-宾川县金牛镇白塔上村_B^5329ZTCS1ESP0854528935PA8^^^^^^^^^^PW-集客专线-6072-宾川县移动6500_HX-6731-宾川县金牛镇白塔上村_B^5329ZTCS1PSW4506RW4NVS8X^通道AZ端网元与伪线AZ端网元一致端口不一致，且通道中关联伪线ID为不为空，且通道A端端口和伪线端口均在业务接入点表中^0^2021-12-29 00:26:44^SYSTEM^2020-07-22 15:30:47^SYSTEM_NEW^2021-12-29 00:26:44^3035399195^^
^PW-全业务-82030-腾冲县高黎贡山茶博园_Q^-596444434^-1883438663^1000000^100000^^^2311^-596408243^-1869720165^3960474986^PW-全业务-82030-腾冲县高黎贡山茶博园_Q^1^^8^97^^^0^0^53935997^^^^^PW-全业务-82030-腾冲县高黎贡山茶博园_Q^5305ZTCS1ESP1091764476PAD^^^^^^^^^^PW-全业务-82030-腾冲县高黎贡山茶博园_Q^5305ZTCS1PSW44WIN9565F5H^通道AZ端网元与伪线AZ端网元一致端口不一致，且通道中关联伪线ID为不为空，且通道A端端口和伪线端口均在业务接入点表中^0^2021-12-28 16:59:21^SYSTEM^2020-07-22 15:30:47^SYSTEM_NEW^2021-12-28 16:59:21^3035399196^^
^PW-全业务-82030-腾冲县高黎贡山茶博园_Q^-596444434^-1883438663^1000000^100000^^^2311^-596408235^-1869720164^-578414611^PW-全业务-82030-腾冲县高黎贡山茶博园_Q^1^^8^97^^^0^0^53935997^^^^^PW-全业务-82030-腾冲县高黎贡山茶博园_Q^5305ZTCS1ESP1091764476PAD^^^^^^^^^^PW-全业务-82030-腾冲县高黎贡山茶博园_Q^5305ZTCS1PSW44WIN9565F5H^通道AZ端网元与伪线AZ端网元一致端口不一致，且通道中关联伪线ID为不为空，且通道A端端口和伪线端口均在业务接入点表中^0^2020-07-22 15:30:47^SYSTEM^2020-07-22 15:30:47^SYSTEM_NEW^2020-07-22 12:06:54^3035399197^^
^PW-全业务-7158-隆阳区公安局（新）_B^-869394970^-1601098310^1000000^50000^^^2015^-842365767^-1600636240^3960467958^PW-全业务-7158-隆阳区公安局（新）_B^1^^8^93^^^0^0^53935997^^^3501^^PW-全业务-7158-隆阳区公安局（新）_B^5305ZTCS1ESP20907389844FVLZ5^^^^^^^^^^PW-全业务-7158-隆阳区公安局（新）_B^5305ZTCS1PSW44WIN95657LY^通道AZ端网元与伪线AZ端网元一致端口不一致，且通道中关联伪线ID为不为空，且通道A端端口和伪线端口均在业务接入点表中^0^2021-12-28 16:59:23^SYSTEM^2020-07-22 15:30:47^SYSTEM_NEW^2021-12-28 16:59:23^3035399198^^
^PW-W-6650-洱源县交警大队6180_Q^-1820371464^53976129^^^^^2195^-1450709970^56499388^4854319423^PW-W-6650-洱源县交警大队6180_Q^1^^5^64^^^0^0^53935982^^^^^PW-W-6650-洱源县交警大队6180_Q^5329ZTCS1ESP1932529377PA8^^^^^^^^^^PW-W-6650-洱源县交警大队6180_Q^5329ZTCS1PSW4506RW4NXH8G^通道AZ端网元与伪线AZ端网元一致端口不一致，且通道中关联伪线ID为不为空，且通道A端端口和伪线端口均在业务接入点表中^0^2021-12-29 00:26:56^SYSTEM^2020-07-22 15:30:47^SYSTEM_NEW^2021-12-29 00:26:56^3035399199^^
^PW-W-6650-洱源县交警大队6180_Q^-1820371464^53976129^^^^^2195^-1450709973^56531782^-260274517^PW-W-6650-洱源县交警大队6180_Q^1^^5^64^^^0^0^53935982^^^^^PW-W-6650-洱源县交警大队6180_Q^5329ZTCS1ESP1932529377PA8^^^^^^^^^^PW-W-6650-洱源县交警大队6180_Q^5329ZTCS1PSW4506RW4NXH8G^通道AZ端网元与伪线AZ端网元一致端口不一致，且通道中关联伪线ID为不为空，且通道A端端口和伪线端口均在业务接入点表中^0^2020-07-22 15:30:47^SYSTEM^2020-07-22 15:30:47^SYSTEM_NEW^2020-07-22 13:25:23^3035399200^^
^PW-全业务-7158-隆阳区公安局(新)_Q-647^-869394970^234790238^^^^^2015^-862939705^234793939^2366103025^PW-全业务-7158-隆阳区公安局(新)_Q-647^1^^8^93^^^0^0^53935997^^^3504^^PW-全业务-7158-隆阳区公安局(新)_Q-647^5305ZTCS1ESP20907390774FVLZ5^^^^^^^^^^PW-全业务-7158-隆阳区公安局(新)_Q-647^5305ZTCS1PSW44WIN9566M53^通道AZ端网元与伪线AZ端网元一致端口不一致，且通道中关联伪线ID为不为空，且通道A端端口和伪线端口均在业务接入点表中^0^2020-07-22 15:30:47^SYSTEM^2020-07-22 15:30:47^SYSTEM_NEW^2020-07-20 11:22:41^3035399201^^
^W:PW-10788-红河州蒙自市边境管理支队_1504-红河州河口县南溪蚂蟥堡一楼_HJ-386715^-168571777^53982633^^^^^366305^-168570513^57359098^3961482211^W:PW-10788-红河州蒙自市边境管理支队_1504-红河州河口县南溪蚂蟥堡一楼_HJ-386715^1^^10^34^^^0^0^53935998^^^^^W:PW-10788-红河州蒙自市边境管理支队_1504-红河州河口县南溪蚂蟥堡一楼_HJ-386715^5325ZTCS1ESP0616034965PA8^^^^^^^^^^W:PW-10788-红河州蒙自市边境管理支队_1504-红河州河口县南溪蚂蟥堡一楼_HJ-386715^5325ZTCS1PSW446GZWG1KZDS^通道AZ端网元与伪线AZ端网元一致端口不一致，且通道中关联伪线ID为不为空，且通道A端端口和伪线端口均在业务接入点表中^0^2021-12-27 01:18:44^SYSTEM^2020-07-22 15:30:47^SYSTEM_NEW^2021-12-27 01:18:44^3035399202^^
^PW-全业务-81004-隆阳区永昌服务中心_Q-6973^53984705^53968071^300000^300000^^^2015^57498828^-1421594312^3960455148^PW-全业务-81004-隆阳区永昌服务中心_Q-6973^1^^8^93^^^0^0^53935997^^^^894^PW-全业务-81004-隆阳区永昌服务中心_Q-6973^5305ZTCS1ESP1562470233PAN^^^^^^^^^^PW-全业务-81004-隆阳区永昌服务中心_Q-6973^5305ZTCS1PSW44WIN955XVCU^通道AZ端网元与伪线ZA端网元一致端口不一致，且通道中关联伪线ID为不为空，且通道Z端端口和伪线端口均在业务接入点表中^0^2021-12-28 16:58:36^SYSTEM^2020-07-22 15:30:47^SYSTEM_NEW^2021-12-28 16:58:36^3035399203^^
^7230-武定县卫生局_Q<->7369-武定县华翔地景PTN960^0^0^--^--^^^2222^0^0^3962575657^7230-武定县卫生局_Q<->7369-武定县华翔地景PTN960^1^^6^0^^^0^0^53935989^^^15^--^7230-武定县卫生局_Q<->7369-武定县华翔地景PTN960^5323HWCSTETPa0ec2fdfebc6cb3f^^^^^^^^^^7230-武定县卫生局_Q<->7369-武定县华翔地景PTN960^5323HWCSTPSW684fc4012f408a43^通道AZ端网元与伪线AZ端网元一致端口不一致，且通道中关联伪线ID为不为空，且通道A端端口和伪线端口均在业务接入点表中^0^2021-06-16 23:05:46^SYSTEM^2020-07-22 15:30:47^SYSTEM_NEW^2021-06-16 23:05:46^3035399205^^
^PW-集客专线-6072-宾川县移动6500_HX-3469-宾川县金牛镇侨家小院^-1892471874^145190079^^^^^2053^-1890408762^145362286^4854316585^PW-集客专线-6072-宾川县移动6500_HX-3469-宾川县金牛镇侨家小院^1^^5^453647^^^0^0^53935982^^^^^PW-集客专线-6072-宾川县移动6500_HX-3469-宾川县金牛镇侨家小院^5329ZTCS1ESP0854528935PA8^^^^^^^^^^PW-集客专线-6072-宾川县移动6500_HX-3469-宾川县金牛镇侨家小院^5329ZTCS1PSW4506RW4NVFVN^通道AZ端网元与伪线AZ端网元一致端口不一致，且通道中关联伪线ID为不为空，且通道A端端口和伪线端口均在业务接入点表中^0^2021-12-29 00:26:38^SYSTEM^2020-07-22 15:30:47^SYSTEM_NEW^2021-12-29 00:26:38^3035399206^^
^PW-集客专线-6072-宾川县移动6500_HX-3469-宾川县金牛镇侨家小院^-1892471874^145190079^^^^^2053^-1890408762^145362298^-577934327^PW-集客专线-6072-宾川县移动6500_HX-3469-宾川县金牛镇侨家小院^1^^5^453647^^^0^0^53935982^^^^^PW-集客专线-6072-宾川县移动6500_HX-3469-宾川县金牛镇侨家小院^5329ZTCS1ESP0720598230PA8^^^^^^^^^^PW-集客专线-6072-宾川县移动6500_HX-3469-宾川县金牛镇侨家小院^5329ZTCS1PSW4506RW4NVFVN^通道AZ端网元与伪线AZ端网元一致端口不一致，且通道中关联伪线ID为不为空，且通道A端端口和伪线端口均在业务接入点表中^0^2020-07-22 15:30:47^SYSTEM^2020-07-22 15:30:47^SYSTEM_NEW^2020-07-22 13:25:10^3035399207^^
^PW-集客专线-6072-宾川县移动6500_HX-3469-宾川县金牛镇侨家小院^-1892471874^145190079^^^^^2053^-1890408762^145362286^-577934327^PW-集客专线-6072-宾川县移动6500_HX-3469-宾川县金牛镇侨家小院^1^^5^453647^^^0^0^53935982^^^^^PW-集客专线-6072-宾川县移动6500_HX-3469-宾川县金牛镇侨家小院^5329ZTCS1ESP0720598230PA8^^^^^^^^^^PW-集客专线-6072-宾川县移动6500_HX-3469-宾川县金牛镇侨家小院^5329ZTCS1PSW4506RW4NVFVN^通道AZ端网元与伪线AZ端网元一致端口不一致，且通道中关联伪线ID为不为空，且通道A端端口和伪线端口均在业务接入点表中^0^2020-07-22 15:30:47^SYSTEM^2020-07-22 15:30:47^SYSTEM_NEW^2020-07-22 13:25:10^3035399208^^
^5865-楚雄市移动大楼集客落地二（备）_HX<->3090-楚雄市中医院（青龙路）_Q^-1128474154^53994908^--^--^^^2054^-1119219040^0^-576033401^5865-楚雄市移动大楼集客落地二（备）_HX<->3090-楚雄市中医院（青龙路）_Q^1^^6^74^^^0^0^53935989^^^--^^5865-楚雄市移动大楼集客落地二（备）_HX<->3090-楚雄市中医院（青龙路）_Q^5323HWCSTESPdc397b0dd0156deb^^^^^^^^^^5865-楚雄市移动大楼集客落地二（备）_HX<->3090-楚雄市中医院（青龙路）_Q^5323HWCSTPSW37e51c80e05c2eb0^通道AZ端网元与伪线AZ端网元一致端口不一致，且通道中关联伪线ID为不为空，且通道A端端口和伪线端口均在业务接入点表中^0^2020-08-10 16:13:09^SYSTEM^2020-07-22 15:30:47^SYSTEM_NEW^2020-08-10 16:13:09^3035399212^^
^8192-南华县马街镇政府信访局_Q<->8223-南华县政务中心（全业务接入）_Q^0^0^--^--^^^2150^0^0^3962549580^8192-南华县马街镇政府信访局_Q<->8223-南华县政务中心（全业务接入）_Q^1^^6^0^^^0^0^53935989^^^--^5^8192-南华县马街镇政府信访局_Q<->8223-南华县政务中心（全业务接入）_Q^5323HWCSTETP834f14237957d352^^^^^^^^^^8192-南华县马街镇政府信访局_Q<->8223-南华县政务中心（全业务接入）_Q^5323HWCSTPSWaa9d0f589886ac04^通道AZ端网元与伪线AZ端网元一致端口不一致，且通道中关联伪线ID为不为空，且通道A端端口和伪线端口均在业务接入点表中^0^2021-06-16 23:05:49^SYSTEM^2020-07-22 15:30:47^SYSTEM_NEW^2021-06-16 23:05:49^3035399213^^
^PW-W-6650-洱源县交警大队6180_Q^-1820371464^-1328450751^^^^^2195^-1450709970^-1326468559^4854314950^PW-W-6650-洱源县交警大队6180_Q^1^^5^64^^^0^0^53935982^^^^^PW-W-6650-洱源县交警大队6180_Q^5329ZTCS1ESP1932529377PA8^^^^^^^^^^PW-W-6650-洱源县交警大队6180_Q^5329ZTCS1PSW4506RW4NXH90^通道AZ端网元与伪线AZ端网元一致端口不一致，且通道中关联伪线ID为不为空，且通道A端端口和伪线端口均在业务接入点表中^0^2021-12-29 00:27:12^SYSTEM^2020-07-22 15:30:47^SYSTEM_NEW^2021-12-29 00:27:12^3035399214^^
^PW-W-6650-洱源县交警大队6180_Q^-1820371464^-1328450751^^^^^2195^-1450709973^-1326468558^-260274426^PW-W-6650-洱源县交警大队6180_Q^1^^5^64^^^0^0^53935982^^^^^PW-W-6650-洱源县交警大队6180_Q^5329ZTCS1ESP1932529377PA8^^^^^^^^^^PW-W-6650-洱源县交警大队6180_Q^5329ZTCS1PSW4506RW4NXH90^通道AZ端网元与伪线AZ端网元一致端口不一致，且通道中关联伪线ID为不为空，且通道A端端口和伪线端口均在业务接入点表中^0^2020-07-22 15:30:47^SYSTEM^2020-07-22 15:30:47^SYSTEM_NEW^2020-07-22 13:24:42^3035399215^^
^PW-W-6650-洱源县交警大队6180_Q^-1820371464^-1328450751^^^^^2195^-1450709973^-1326468557^-260274426^PW-W-6650-洱源县交警大队6180_Q^1^^5^64^^^0^0^53935982^^^^^PW-W-6650-洱源县交警大队6180_Q^5329ZTCS1ESP1932529377PA8^^^^^^^^^^PW-W-6650-洱源县交警大队6180_Q^5329ZTCS1PSW4506RW4NXH90^通道AZ端网元与伪线AZ端网元一致端口不一致，且通道中关联伪线ID为不为空，且通道A端端口和伪线端口均在业务接入点表中^0^2020-07-22 15:30:47^SYSTEM^2020-07-22 15:30:47^SYSTEM_NEW^2020-07-22 13:24:42^3035399216^^
^W:PW-3325-红河州蒙自县人力资源社会保障局集客站点_Q_10500-红河州蒙自市卫计委_Q-380064^54065445^-551262475^1000000^4000^^^366305^55319489^-551223923^3961497126^W:PW-3325-红河州蒙自县人力资源社会保障局集客站点_Q_10500-红河州蒙自市卫计委_Q-380064^1^^10^34^^^0^0^53935998^^^^^W:PW-3325-红河州蒙自县人力资源社会保障局集客站点_Q_10500-红河州蒙自市卫计委_Q-380064^5325ZTCS1ESP0748767672PAU^^^^^^^^^^W:PW-3325-红河州蒙自县人力资源社会保障局集客站点_Q_10500-红河州蒙自市卫计委_Q-380064^5325ZTCS1PSW446GZWG1KV3G^通道AZ端网元与伪线AZ端网元一致端口不一致，且通道中关联伪线ID为不为空，且通道A端端口和伪线端口均在业务接入点表中^0^2021-11-10 01:28:18^SYSTEM^2020-07-22 15:30:47^SYSTEM_NEW^2021-11-10 01:28:18^3035399217^^
^PW-全业务-7139-隆阳区市交警支队-94^-900939076^-506508781^^^^^2015^2721728235^-506469439^3960462892^PW-全业务-7139-隆阳区市交警支队-94^1^^8^93^^^0^0^53935997^^^102^^PW-全业务-7139-隆阳区市交警支队-94^5305ZTCS1ESP0525904005PCI^^^^^^^^^^PW-全业务-7139-隆阳区市交警支队-94^5305ZTCS1PSW44WIN9565OVK^通道AZ端网元与伪线AZ端网元一致端口不一致，且通道中关联伪线ID为不为空，且通道A端端口和伪线端口均在业务接入点表中^0^2021-12-28 16:59:19^SYSTEM^2020-07-22 15:30:47^SYSTEM_NEW^2021-12-28 16:59:19^3035399218^^
^PW-全业务-7139-隆阳区市交警支队-94^-900939076^-506508781^^^^^2015^-357421587^-506469421^-309277558^PW-全业务-7139-隆阳区市交警支队-94^1^^8^93^^^0^0^53935997^^^102^^PW-全业务-7139-隆阳区市交警支队-94^5305ZTCS1ESP0525904005PCI^^^^^^^^^^PW-全业务-7139-隆阳区市交警支队-94^5305ZTCS1PSW44WIN9565OVK^通道AZ端网元与伪线AZ端网元一致端口不一致，且通道中关联伪线ID为不为空，且通道A端端口和伪线端口均在业务接入点表中^0^2020-07-22 15:30:47^SYSTEM^2020-07-22 15:30:47^SYSTEM_NEW^2020-07-22 12:06:50^3035399219^^
^PW-集客专线-1382-大理市交警支队_Q-1410-宾川县五羊本田摩托车行_Q^53985443^53986054^^^^^2189^-477642306^57513637^4423506667^PW-集客专线-1382-大理市交警支队_Q-1410-宾川县五羊本田摩托车行_Q^1^^5^62^^^0^0^53935982^^^^^PW-集客专线-1382-大理市交警支队_Q-1410-宾川县五羊本田摩托车行_Q^5329ZTCS1ESP0276432256PCA^^^^^^^^^^PW-集客专线-1382-大理市交警支队_Q-1410-宾川县五羊本田摩托车行_Q^5329ZTCS1PSW4506RW4NVRHN^通道AZ端网元与伪线AZ端网元一致端口不一致，且通道中关联伪线ID为不为空，且通道A端端口和伪线端口均在业务接入点表中^0^2021-09-13 09:17:22^SYSTEM^2020-07-22 15:30:47^SYSTEM_NEW^2021-09-13 09:17:22^3035399220^^
^5865-楚雄市移动大楼集客落地二（备）_HX<->4015-楚雄市烟厂^-1128474154^53973837^--^--^^^2054^-1119219040^0^-576032731^5865-楚雄市移动大楼集客落地二（备）_HX<->4015-楚雄市烟厂^1^^6^74^^^0^0^53935989^^^--^^5865-楚雄市移动大楼集客落地二（备）_HX<->4015-楚雄市烟厂^5323HWCSTESPdc397b0dd0156deb^^^^^^^^^^5865-楚雄市移动大楼集客落地二（备）_HX<->4015-楚雄市烟厂^5323HWCSTPSW6a3f8a8962341d0a^通道AZ端网元与伪线AZ端网元一致端口不一致，且通道中关联伪线ID为不为空，且通道A端端口和伪线端口均在业务接入点表中^0^2020-08-10 16:13:09^SYSTEM^2020-07-22 15:30:47^SYSTEM_NEW^2020-08-10 16:13:09^3035399221^^
^PW-全业务-ERTREE-澜沧县惠民景迈大桥平安城市监控点^53976515^1332865377^^^^^2265^56651821^1347499185^4807938885^PW-全业务-ERTREE-澜沧县惠民景迈大桥平安城市监控点^1^^4^55^^^0^0^53935986^^^^^PW-全业务-ERTREE-澜沧县惠民景迈大桥平安城市监控点^5308ZTCS1ESP0504366612PIU^^^^^^^^^^PW-全业务-ERTREE-澜沧县惠民景迈大桥平安城市监控点^5308ZTCS1PSW44WHOXDHHKPG^通道AZ端网元与伪线AZ端网元一致端口不一致，且通道中关联伪线ID为不为空，且通道A端端口和伪线端口均在业务接入点表中^0^2021-12-27 04:41:23^SYSTEM^2020-07-22 15:30:47^SYSTEM_NEW^2021-12-27 04:41:23^3035399222^^
^PW-全业务-ERTREE-澜沧县惠民景迈大桥平安城市监控点^53976515^1332865377^^^^^2265^56657971^1347499186^-576940477^PW-全业务-ERTREE-澜沧县惠民景迈大桥平安城市监控点^1^^4^55^^^0^0^53935986^^^^^PW-全业务-ERTREE-澜沧县惠民景迈大桥平安城市监控点^5308ZTCS1ESP0504366612PIU^^^^^^^^^^PW-全业务-ERTREE-澜沧县惠民景迈大桥平安城市监控点^5308ZTCS1PSW44WHOXDHHKPG^通道AZ端网元与伪线AZ端网元一致端口不一致，且通道中关联伪线ID为不为空，且通道A端端口和伪线端口均在业务接入点表中^0^2020-07-22 15:30:47^SYSTEM^2020-07-22 15:30:47^SYSTEM_NEW^2020-07-21 15:27:49^3035399223^^
^PW-全业务-EPTREE-澜沧县交警大队平安城市监控^53976515^53969509^1000000^50000^^^2265^56651821^57137060^4807952903^PW-全业务-EPTREE-澜沧县交警大队平安城市监控^1^^4^55^^^0^0^53935986^^^^^PW-全业务-EPTREE-澜沧县交警大队平安城市监控^5308ZTCS1ESP0504366612PIU^^^^^^^^^^PW-全业务-EPTREE-澜沧县交警大队平安城市监控^5308ZTCS1PSW44WHOXDHIOIE^通道AZ端网元与伪线AZ端网元一致端口不一致，且通道中关联伪线ID为不为空，且通道A端端口和伪线端口均在业务接入点表中^0^2021-12-27 04:41:51^SYSTEM^2020-07-22 15:30:47^SYSTEM_NEW^2021-12-27 04:41:51^3035399224^^
^PW-全业务-EPTREE-澜沧县交警大队平安城市监控^53976515^53969509^1000000^50000^^^2265^56657971^57161503^-576932031^PW-全业务-EPTREE-澜沧县交警大队平安城市监控^1^^4^55^^^0^0^53935986^^^^^PW-全业务-EPTREE-澜沧县交警大队平安城市监控^5308ZTCS1ESP0504366612PIU^^^^^^^^^^PW-全业务-EPTREE-澜沧县交警大队平安城市监控^5308ZTCS1PSW44WHOXDHIOIE^通道AZ端网元与伪线AZ端网元一致端口不一致，且通道中关联伪线ID为不为空，且通道A端端口和伪线端口均在业务接入点表中^0^2020-07-22 15:30:47^SYSTEM^2020-07-22 15:30:47^SYSTEM_NEW^2020-07-21 15:27:49^3035399225^^
^PW-全业务-EVPTREE-墨江县墨江坝瀑河(新雅邑)政法委专线^-1357772975^53972048^^^^^2217^-1329934097^-1326641604^-576935571^PW-全业务-EVPTREE-墨江县墨江坝瀑河(新雅邑)政法委专线^1^^4^57^^^0^0^53935986^^^^1021^PW-全业务-EVPTREE-墨江县墨江坝瀑河(新雅邑)政法委专线^5308ZTCS1ESP0945898553PA8^^^^^^^^^^PW-全业务-EVPTREE-墨江县墨江坝瀑河(新雅邑)政法委专线^5308ZTCS1PSW44WHOXDHITG6^通道AZ端网元与伪线AZ端网元一致端口不一致，且通道中关联伪线ID为不为空，且通道A端端口和伪线端口均在业务接入点表中^0^2020-08-11 15:31:54^SYSTEM^2020-07-22 15:30:47^SYSTEM_NEW^2020-08-11 15:31:54^3035399226^^
^PW-全业务-EVPTREE-墨江县墨江坝瀑河(新雅邑)政法委专线^-1357772975^53972048^^^^^2217^-1357767843^56803400^-576935571^PW-全业务-EVPTREE-墨江县墨江坝瀑河(新雅邑)政法委专线^1^^4^57^^^0^0^53935986^^^^1021^PW-全业务-EVPTREE-墨江县墨江坝瀑河(新雅邑)政法委专线^5308ZTCS1ESP0945898553PA8^^^^^^^^^^PW-全业务-EVPTREE-墨江县墨江坝瀑河(新雅邑)政法委专线^5308ZTCS1PSW44WHOXDHITG6^通道AZ端网元与伪线AZ端网元一致端口不一致，且通道中关联伪线ID为不为空，且通道A端端口和伪线端口均在业务接入点表中^0^2020-07-22 15:30:47^SYSTEM^2020-07-22 15:30:47^SYSTEM_NEW^2020-07-21 15:28:13^3035399228^^
^PW-全业务-EVPTREE-墨江县墨江坝瀑河(新雅邑)政法委专线^-1357772975^53972048^^^^^2217^-1357767843^-1326641604^-576935571^PW-全业务-EVPTREE-墨江县墨江坝瀑河(新雅邑)政法委专线^1^^4^57^^^0^0^53935986^^^^1021^PW-全业务-EVPTREE-墨江县墨江坝瀑河(新雅邑)政法委专线^5308ZTCS1ESP0945898553PA8^^^^^^^^^^PW-全业务-EVPTREE-墨江县墨江坝瀑河(新雅邑)政法委专线^5308ZTCS1PSW44WHOXDHITG6^通道AZ端网元与伪线AZ端网元一致端口不一致，且通道中关联伪线ID为不为空，且通道A端端口和伪线端口均在业务接入点表中^0^2020-07-22 15:30:47^SYSTEM^2020-07-22 15:30:47^SYSTEM_NEW^2020-07-21 15:28:13^3035399231^^
^PW-全业务-EVPTREE-墨江县墨江坝瀑河(新雅邑)政法委专线^-1357772975^53972048^^^^^2217^-1357767843^56800839^-576935571^PW-全业务-EVPTREE-墨江县墨江坝瀑河(新雅邑)政法委专线^1^^4^57^^^0^0^53935986^^^^1021^PW-全业务-EVPTREE-墨江县墨江坝瀑河(新雅邑)政法委专线^5308ZTCS1ESP0945898553PA8^^^^^^^^^^PW-全业务-EVPTREE-墨江县墨江坝瀑河(新雅邑)政法委专线^5308ZTCS1PSW44WHOXDHITG6^通道AZ端网元与伪线AZ端网元一致端口不一致，且通道中关联伪线ID为不为空，且通道A端端口和伪线端口均在业务接入点表中^0^2020-07-22 15:30:47^SYSTEM^2020-07-22 15:30:47^SYSTEM_NEW^2020-07-21 15:28:13^3035399233^^
^PW-4G-W-7139-隆阳区市交警支队-74461^-900939076^53968787^^^^^2015^2721728235^56362411^3960471323^PW-4G-W-7139-隆阳区市交警支队-74461^1^^8^93^^^0^0^53935997^^^102^^PW-4G-W-7139-隆阳区市交警支队-74461^5305ZTCS1ESP0525904005PCI^^^^^^^^^^PW-4G-W-7139-隆阳区市交警支队-74461^5305ZTCS1PSW44WIN9566Y16^通道AZ端网元与伪线AZ端网元一致端口不一致，且通道中关联伪线ID为不为空，且通道A端端口和伪线端口均在业务接入点表中^0^2021-05-10 12:18:41^SYSTEM^2020-07-22 15:30:47^SYSTEM_NEW^2021-05-10 12:18:41^3035399235^^
^PW-4G-W-7139-隆阳区市交警支队-74461^-900939076^53968787^^^^^2015^-897647639^56363751^2647215835^PW-4G-W-7139-隆阳区市交警支队-74461^1^^8^93^^^0^0^53935997^^^102^^PW-4G-W-7139-隆阳区市交警支队-74461^5305ZTCS1ESP0525904005PCI^^^^^^^^^^PW-4G-W-7139-隆阳区市交警支队-74461^5305ZTCS1PSW44WIN9566Y16^通道AZ端网元与伪线AZ端网元一致端口不一致，且通道中关联伪线ID为不为空，且通道A端端口和伪线端口均在业务接入点表中^0^2020-07-22 15:30:47^SYSTEM^2020-07-22 15:30:47^SYSTEM_NEW^2020-07-22 12:07:11^3035399236^^
^PW-418-开远东启宾馆_48-红河州开远市电信楼六楼9008_HX-184561^53968465^53968285^^^^^366350^56401661^56314125^-577489626^PW-418-开远东启宾馆_48-红河州开远市电信楼六楼9008_HX-184561^1^^10^33^^^0^0^53935998^^^26^26^PW-418-开远东启宾馆_48-红河州开远市电信楼六楼9008_HX-184561^5325ZTCS1ESP0913128972PAW^^^^^^^^^^PW-418-开远东启宾馆_48-红河州开远市电信楼六楼9008_HX-184561^5325ZTCS1PSW446GZWG18C4A^通道AZ端网元与伪线ZA端网元一致端口不一致，且通道中关联伪线ID为不为空，且通道A端端口和伪线端口均在业务接入点表中^0^2020-08-11 14:28:25^SYSTEM^2020-07-22 15:30:47^SYSTEM_NEW^2020-08-11 14:28:25^3035399237^^
^9087-昭阳区珠泉路水果批发市场_B<->2749-昭阳区交警二大队指挥中心_Q^53997192^223484397^--^--^^^2158^57875481^2499347442^2500688154^9087-昭阳区珠泉路水果批发市场_B<->2749-昭阳区交警二大队指挥中心_Q^1^^16^131^^^0^0^53936000^^^--^--^9087-昭阳区珠泉路水果批发市场_B<->2749-昭阳区交警二大队指挥中心_Q^5306HWCSTESP638128a3033276a7^^^^^^^^^^9087-昭阳区珠泉路水果批发市场_B<->2749-昭阳区交警二大队指挥中心_Q^5306HWCSTPSW22ab98c0728b771c^通道AZ端网元与伪线ZA端网元一致端口不一致，且通道中关联伪线ID为不为空，且通道A端端口和伪线端口均在业务接入点表中^0^2020-08-10 17:05:17^SYSTEM^2020-07-22 15:30:47^SYSTEM_NEW^2020-08-10 17:05:17^3035399239^^
^9087-昭阳区珠泉路水果批发市场_B<->2749-昭阳区交警二大队指挥中心_Q^53997192^223484397^--^--^^^2158^57876120^2499347450^2500688154^9087-昭阳区珠泉路水果批发市场_B<->2749-昭阳区交警二大队指挥中心_Q^1^^16^131^^^0^0^53936000^^^--^--^9087-昭阳区珠泉路水果批发市场_B<->2749-昭阳区交警二大队指挥中心_Q^5306HWCSTESP638128a3033276a7^^^^^^^^^^9087-昭阳区珠泉路水果批发市场_B<->2749-昭阳区交警二大队指挥中心_Q^5306HWCSTPSW22ab98c0728b771c^通道AZ端网元与伪线ZA端网元一致端口不一致，且通道中关联伪线ID为不为空，且通道A端端口和伪线端口均在业务接入点表中^0^2020-07-22 15:30:47^SYSTEM^2020-07-22 15:30:47^SYSTEM_NEW^2020-07-21 17:39:51^3035399240^^
^12136-镇雄县云岭_B<->255-镇雄县果珠_HJ^229215878^53982804^--^--^^^2121^468219984^-1490294857^-96144801^12136-镇雄县云岭_B<->255-镇雄县果珠_HJ^1^^16^134^^^0^0^53936000^^^--^4025^12136-镇雄县云岭_B<->255-镇雄县果珠_HJ^5306HWCSTESPff1c377e65926d88^^^^^^^^^^12136-镇雄县云岭_B<->255-镇雄县果珠_HJ^5306HWCSTPSWf24cbd64dafbd814^通道AZ端网元与伪线ZA端网元一致端口不一致，且通道中关联伪线ID为不为空，且通道Z端端口和伪线端口均在业务接入点表中^0^2020-07-22 15:30:47^SYSTEM^2020-07-22 15:30:47^SYSTEM_NEW^2020-07-21 17:39:47^3035399243^^
^12136-镇雄县云岭_B<->255-镇雄县果珠_HJ^229215878^53982804^--^--^^^2121^468219985^-1490294857^-96144801^12136-镇雄县云岭_B<->255-镇雄县果珠_HJ^1^^16^134^^^0^0^53936000^^^--^4025^12136-镇雄县云岭_B<->255-镇雄县果珠_HJ^5306HWCSTESPff1c377e65926d88^^^^^^^^^^12136-镇雄县云岭_B<->255-镇雄县果珠_HJ^5306HWCSTPSWf24cbd64dafbd814^通道AZ端网元与伪线ZA端网元一致端口不一致，且通道中关联伪线ID为不为空，且通道Z端端口和伪线端口均在业务接入点表中^0^2020-07-22 15:30:47^SYSTEM^2020-07-22 15:30:47^SYSTEM_NEW^2020-07-21 17:39:47^3035399244^^
^12136-镇雄县云岭_B<->255-镇雄县果珠_HJ^229215878^53982804^--^--^^^2121^468219986^-1490294857^-96144801^12136-镇雄县云岭_B<->255-镇雄县果珠_HJ^1^^16^134^^^0^0^53936000^^^--^4025^12136-镇雄县云岭_B<->255-镇雄县果珠_HJ^5306HWCSTESPff1c377e65926d88^^^^^^^^^^12136-镇雄县云岭_B<->255-镇雄县果珠_HJ^5306HWCSTPSWf24cbd64dafbd814^通道AZ端网元与伪线ZA端网元一致端口不一致，且通道中关联伪线ID为不为空，且通道Z端端口和伪线端口均在业务接入点表中^0^2020-07-22 15:30:47^SYSTEM^2020-07-22 15:30:47^SYSTEM_NEW^2020-07-21 17:39:47^3035399245^^
^12136-镇雄县云岭_B<->255-镇雄县果珠_HJ^229215878^53982804^--^--^^^2121^468219987^-1490294857^-96144801^12136-镇雄县云岭_B<->255-镇雄县果珠_HJ^1^^16^134^^^0^0^53936000^^^--^4025^12136-镇雄县云岭_B<->255-镇雄县果珠_HJ^5306HWCSTESPff1c377e65926d88^^^^^^^^^^12136-镇雄县云岭_B<->255-镇雄县果珠_HJ^5306HWCSTPSWf24cbd64dafbd814^通道AZ端网元与伪线ZA端网元一致端口不一致，且通道中关联伪线ID为不为空，且通道Z端端口和伪线端口均在业务接入点表中^0^2020-07-22 15:30:47^SYSTEM^2020-07-22 15:30:47^SYSTEM_NEW^2020-07-21 17:39:47^3035399246^^
^12136-镇雄县云岭_B<->255-镇雄县果珠_HJ^229215878^53982804^--^--^^^2121^468219988^-1490294857^-96144801^12136-镇雄县云岭_B<->255-镇雄县果珠_HJ^1^^16^134^^^0^0^53936000^^^--^4025^12136-镇雄县云岭_B<->255-镇雄县果珠_HJ^5306HWCSTESPff1c377e65926d88^^^^^^^^^^12136-镇雄县云岭_B<->255-镇雄县果珠_HJ^5306HWCSTPSWf24cbd64dafbd814^通道AZ端网元与伪线ZA端网元一致端口不一致，且通道中关联伪线ID为不为空，且通道Z端端口和伪线端口均在业务接入点表中^0^2020-07-22 15:30:47^SYSTEM^2020-07-22 15:30:47^SYSTEM_NEW^2020-07-21 17:39:47^3035399247^^
^PW-全业务-EVPTREE-景东县移动政法委专线 vlan=88^-1365465500^-1812392540^^^^^2252^-926670212^-1811441376^4807944061^PW-全业务-EVPTREE-景东县移动政法委专线 vlan=88^1^^4^51^^^0^0^53935986^^^88^88^PW-全业务-EVPTREE-景东县移动政法委专线 vlan=88^5308ZTCS1ESP13619123534FVLZ5^^^^^^^^^^PW-全业务-EVPTREE-景东县移动政法委专线 vlan=88^5308ZTCS1PSW44WHOXDHIRJH^通道AZ端网元与伪线AZ端网元一致，且通道中关联伪线ID为空，且通道Z端端口和伪线端口均在业务接入点表中^0^2021-12-27 04:41:45^SYSTEM_NEW^2018-12-20 04:46:11^SYSTEM_NEW^2021-12-27 04:41:45^3033567952^^
^PW-全业务-EVPTREE-景东县移动政法委专线 vlan=88^-1365465500^-1812392540^^^^^2252^-1364215153^-1811441374^-576930374^PW-全业务-EVPTREE-景东县移动政法委专线 vlan=88^1^^4^51^^^0^0^53935986^^^88^88^PW-全业务-EVPTREE-景东县移动政法委专线 vlan=88^5308ZTCS1ESP13619123534FVLZ5^^^^^^^^^^PW-全业务-EVPTREE-景东县移动政法委专线 vlan=88^5308ZTCS1PSW44WHOXDHIRJH^通道AZ端网元与伪线AZ端网元一致，且通道中关联伪线ID为空，且通道Z端端口和伪线端口均在业务接入点表中^0^2020-07-21 15:28:22^SYSTEM_NEW^2018-12-20 04:46:11^SYSTEM_NEW^2020-07-21 15:28:22^3033567953^^
^PW-全业务-EVPTREE-景东者后政法委专线 vlan=88^-1365465500^53965749^^^^^2252^-926670212^-1760331510^4807959966^PW-全业务-EVPTREE-景东者后政法委专线 vlan=88^1^^4^51^^^0^0^53935986^^^88^88^PW-全业务-EVPTREE-景东者后政法委专线 vlan=88^5308ZTCS1ESP13619123534FVLZ5^^^^^^^^^^PW-全业务-EVPTREE-景东者后政法委专线 vlan=88^5308ZTCS1PSW44WHOXDHIQP9^通道AZ端网元与伪线AZ端网元一致，且通道中关联伪线ID为空，且通道Z端端口和伪线端口均在业务接入点表中^0^2021-12-27 04:41:49^SYSTEM_NEW^2018-12-20 04:46:13^SYSTEM_NEW^2021-12-27 04:41:49^3033567954^^
^PW-全业务-EVPTREE-景东者后政法委专线 vlan=88^-1365465500^53965749^^^^^2252^-1364215152^-1760331509^-576923566^PW-全业务-EVPTREE-景东者后政法委专线 vlan=88^1^^4^51^^^0^0^53935986^^^88^88^PW-全业务-EVPTREE-景东者后政法委专线 vlan=88^5308ZTCS1ESP13619123534FVLZ5^^^^^^^^^^PW-全业务-EVPTREE-景东者后政法委专线 vlan=88^5308ZTCS1PSW44WHOXDHIQP9^通道AZ端网元与伪线AZ端网元一致，且通道中关联伪线ID为空，且通道Z端端口和伪线端口均在业务接入点表中^0^2020-07-21 15:28:19^SYSTEM_NEW^2018-12-20 04:46:13^SYSTEM_NEW^2020-07-21 15:28:19^3033567955^^
^PW-全业务-EVPTREE-景东者后政法委专线 vlan=88^-1365465500^53965749^^^^^2252^-1364215152^-1760331508^-576923566^PW-全业务-EVPTREE-景东者后政法委专线 vlan=88^1^^4^51^^^0^0^53935986^^^88^88^PW-全业务-EVPTREE-景东者后政法委专线 vlan=88^5308ZTCS1ESP13619123534FVLZ5^^^^^^^^^^PW-全业务-EVPTREE-景东者后政法委专线 vlan=88^5308ZTCS1PSW44WHOXDHIQP9^通道AZ端网元与伪线AZ端网元一致，且通道中关联伪线ID为空，且通道Z端端口和伪线端口均在业务接入点表中^0^2020-07-21 15:28:19^SYSTEM_NEW^2018-12-20 04:46:13^SYSTEM_NEW^2020-07-21 15:28:19^3033567956^^
^DNI:PW-6126-鹤庆县新移动6500-L2L3备_HX_6137-鹤庆县花树村6500-L2L3主_HX-166429^-1872825676^-1872825696^^^^^^2341619985^2341619990^4854332177^^1^^5^65^^^0^0^53935982^^^2060^2060^DNI:PW-6126-鹤庆县新移动6500-L2L3备_HX_6137-鹤庆县花树村6500-L2L3主_HX-166429^5329ZTCS1ESP04313784356O7UVG^^^^^^^^^^DNI:PW-6126-鹤庆县新移动6500-L2L3备_HX_6137-鹤庆县花树村6500-L2L3主_HX-166429^5329ZTCS1PSW4506RW4NYTM6^^0^2021-12-29 00:27:21^SYSTEM_NEW^2021-12-18 22:35:05^SYSTEM_NEW^2021-12-29 00:27:21^4854256401^^
^PW-W-6853-鹤庆县云鹤镇和谐家园_B^-1793102398^-1872825696^^^^^^-1792555668^2341619990^4854337568^^1^^5^65^^^0^0^53935982^^^2093^2093^PW-W-6853-鹤庆县云鹤镇和谐家园_B^5329ZTCS1ESP16713862006PI7N1^^^^^^^^^^PW-W-6853-鹤庆县云鹤镇和谐家园_B^5329ZTCS1PSW4506RW4NYTO0^^0^2021-12-29 00:27:21^SYSTEM_NEW^2021-12-18 22:35:05^SYSTEM_NEW^2021-12-29 00:27:21^4854256402^^
^PW -P-6853-鹤庆县云鹤镇和谐家园_B^-1793102398^-1872825676^^^^^^-1792555668^2341619985^4854332677^^1^^5^65^^^0^0^53935982^^^2093^2093^PW -P-6853-鹤庆县云鹤镇和谐家园_B^5329ZTCS1ESP16713862006PI7N1^^^^^^^^^^PW -P-6853-鹤庆县云鹤镇和谐家园_B^5329ZTCS1PSW4506RW4NYTO1^^0^2021-12-29 00:27:21^SYSTEM_NEW^2021-12-18 22:35:05^SYSTEM_NEW^2021-12-29 00:27:21^4854256403^^
^PW-W-4108-鹤庆县奇峰村^218139065^-1872825696^^^^^^218226898^2341620098^4854332674^^1^^5^65^^^0^0^53935982^^^22^22^PW-W-4108-鹤庆县奇峰村^5329ZTCS1ESP1500347079PAV^^^^^^^^^^PW-W-4108-鹤庆县奇峰村^5329ZTCS1PSW4506RW4NYTPO^^0^2021-12-29 00:27:21^SYSTEM_NEW^2021-12-18 22:35:05^SYSTEM_NEW^2021-12-29 00:27:21^4854256404^^
^DNI:PW-6126-鹤庆县新移动6500-L2L3备_HX_6137-鹤庆县花树村6500-L2L3主_HX-166826^-1872825676^-1872825696^^^^^^2341619985^2341619990^4854332177^^1^^5^65^^^0^0^53935982^^^2101^2101^DNI:PW-6126-鹤庆县新移动6500-L2L3备_HX_6137-鹤庆县花树村6500-L2L3主_HX-166826^5329ZTCS1ESP04313784356PTG6T^^^^^^^^^^DNI:PW-6126-鹤庆县新移动6500-L2L3备_HX_6137-鹤庆县花树村6500-L2L3主_HX-166826^5329ZTCS1PSW4506RW4NYTSI^^0^2021-12-29 00:27:21^SYSTEM_NEW^2021-12-18 22:35:05^SYSTEM_NEW^2021-12-29 00:27:21^4854256405^^
^PW-W-6919-鹤庆县西邑镇新庄休息站_B^-1785870594^-1872825696^^^^^^-1784733000^2341619990^4854335059^^1^^5^65^^^0^0^53935982^^^2102^2102^PW-W-6919-鹤庆县西邑镇新庄休息站_B^5329ZTCS1ESP12100639236PUURA^^^^^^^^^^PW-W-6919-鹤庆县西邑镇新庄休息站_B^5329ZTCS1PSW4506RW4NYTT0^^0^2021-12-29 00:27:21^SYSTEM_NEW^2021-12-18 22:35:05^SYSTEM_NEW^2021-12-29 00:27:21^4854256406^^
^PW -P-6989-鹤庆县松桂镇三庄道班_B^-1775812135^-1872825676^^^^^^-1775106461^2341620065^4854339934^^1^^5^65^^^0^0^53935982^^^104^104^PW -P-6989-鹤庆县松桂镇三庄道班_B^5329ZTCS1ESP19772638204JWAJS^^^^^^^^^^PW -P-6989-鹤庆县松桂镇三庄道班_B^5329ZTCS1PSW4506RW4NYTUL^^0^2021-12-29 00:27:21^SYSTEM_NEW^2021-12-18 22:35:05^SYSTEM_NEW^2021-12-29 00:27:21^4854256407^^
^DNI:PW-6126-鹤庆县新移动6500-L2L3备_HX_6137-鹤庆县花树村6500-L2L3主_HX-167289^-1872825676^-1872825696^^^^^^2341619985^2341619990^4854332177^^1^^5^65^^^0^0^53935982^^^2042^2042^DNI:PW-6126-鹤庆县新移动6500-L2L3备_HX_6137-鹤庆县花树村6500-L2L3主_HX-167289^5329ZTCS1ESP04313784356NIKMY^^^^^^^^^^DNI:PW-6126-鹤庆县新移动6500-L2L3备_HX_6137-鹤庆县花树村6500-L2L3主_HX-167289^5329ZTCS1PSW4506RW4NYU35^^0^2021-12-29 00:27:21^SYSTEM_NEW^2021-12-18 22:35:05^SYSTEM_NEW^2021-12-29 00:27:21^4854256409^^
^PW -P-7141-鹤庆县龙开口镇朵美中村_B^-1747003072^-1872825676^^^^^^-1746278679^2354319533^4854333015^^1^^5^65^^^0^0^53935982^^^33^33^PW -P-7141-鹤庆县龙开口镇朵美中村_B^5329ZTCS1ESP08417300464H4K69^^^^^^^^^^PW -P-7141-鹤庆县龙开口镇朵美中村_B^5329ZTCS1PSW4506RW4NYW82^^0^2021-12-29 00:27:19^SYSTEM_NEW^2021-12-18 22:35:05^SYSTEM_NEW^2021-12-29 00:27:19^4854256501^^
^PW -P-9041-鹤庆县新华村西_B^-1212571731^-1872825676^^^^^^-1203019905^2354377344^4854326690^^1^^5^65^^^0^0^53935982^^^2045^2045^PW -P-9041-鹤庆县新华村西_B^5329ZTCS1ESP09901567346NMSCD^^^^^^^^^^PW -P-9041-鹤庆县新华村西_B^5329ZTCS1PSW4506RW4NYW86^^0^2021-12-29 00:27:25^SYSTEM_NEW^2021-12-18 22:35:05^SYSTEM_NEW^2021-12-29 00:27:25^4854256502^^
^PW-W-5790-鹤庆县松桂镇新窝村民委员会_B^-1954619197^-1872825696^^^^^^-1948318457^2354377252^4854328768^^1^^5^65^^^0^0^53935982^^^2021^2021^PW-W-5790-鹤庆县松桂镇新窝村民委员会_B^5329ZTCS1ESP04983542096MP2P1^^^^^^^^^^PW-W-5790-鹤庆县松桂镇新窝村民委员会_B^5329ZTCS1PSW4506RW4NYW9D^^0^2021-12-29 00:27:25^SYSTEM_NEW^2021-12-18 22:35:05^SYSTEM_NEW^2021-12-29 00:27:25^4854256503^^
^DNI:PW-6137-鹤庆县花树村6500-L2L3主_HX_6126-鹤庆县新移动6500-L2L3备_HX-170530^-1872825696^-1872825676^^^^^^2354377251^2354319533^4854332177^^1^^5^65^^^0^0^53935982^^^37^37^DNI:PW-6137-鹤庆县花树村6500-L2L3主_HX_6126-鹤庆县新移动6500-L2L3备_HX-170530^5329ZTCS1ESP09619178204HA6G5^^^^^^^^^^DNI:PW-6137-鹤庆县花树村6500-L2L3主_HX_6126-鹤庆县新移动6500-L2L3备_HX-170530^5329ZTCS1PSW4506RW4NYWA3^^0^2021-12-29 00:27:25^SYSTEM_NEW^2021-12-18 22:35:05^SYSTEM_NEW^2021-12-29 00:27:25^4854256504^^
^PW-W-4097-鹤庆县朵美后山水塘^217274442^-1872825696^^^^^^218227584^2354377251^4854330307^^1^^5^65^^^0^0^53935982^^^22^22^PW-W-4097-鹤庆县朵美后山水塘^5329ZTCS1ESP1325485372PAS^^^^^^^^^^PW-W-4097-鹤庆县朵美后山水塘^5329ZTCS1PSW4506RW4NYWA5^^0^2021-12-29 00:27:25^SYSTEM_NEW^2021-12-18 22:35:05^SYSTEM_NEW^2021-12-29 00:27:25^4854256505^^
^PW -P-6973-巍山县永建镇凹家营_B^-1775812143^-1747003071^^^^^^-1775107064^2179052371^4854329047^^1^^5^69^^^0^0^53935982^^^2206^2206^PW -P-6973-巍山县永建镇凹家营_B^5329ZTCS1ESP17359872256TWXWE^^^^^^^^^^PW -P-6973-巍山县永建镇凹家营_B^5329ZTCS1PSW4506RW4NYHUL^^0^2021-12-29 00:27:48^SYSTEM_NEW^2021-12-18 22:35:05^SYSTEM_NEW^2021-12-29 00:27:48^4854256506^^
^PW -P-7042-巍山县永建镇永利江头村_B^-1765456267^-1747003071^^^^^^-1764582840^2179052369^4854337729^^1^^5^69^^^0^0^53935982^^^209^209^PW -P-7042-巍山县永建镇永利江头村_B^5329ZTCS1ESP20575221454NZS9D^^^^^^^^^^PW -P-7042-巍山县永建镇永利江头村_B^5329ZTCS1PSW4506RW4NYHWO^^0^2021-12-29 00:27:48^SYSTEM_NEW^2021-12-18 22:35:05^SYSTEM_NEW^2021-12-29 00:27:48^4854256507^^
^PW -P-7459-巍山县魏宝山乡翁家丫口革命教育基地_B^-1644318721^-1747003071^^^^^^-1643916699^2179052371^4854327556^^1^^5^69^^^0^0^53935982^^^2250^2250^PW -P-7459-巍山县魏宝山乡翁家丫口革命教育基地_B^5329ZTCS1ESP04053055456VMQX6^^^^^^^^^^PW -P-7459-巍山县魏宝山乡翁家丫口革命教育基地_B^5329ZTCS1PSW4506RW4NYHYC^^0^2021-12-29 00:27:48^SYSTEM_NEW^2021-12-18 22:35:05^SYSTEM_NEW^2021-12-29 00:27:48^4854256508^^
^PW-W-6685-新桥北全业务落地^-1819270317^53984259^^^^^2189^-1759521807^57502846^4854315011^PW-W-6685-新桥北全业务落地^1^^5^62^^^0^0^53935982^^^1200^^PW-W-6685-新桥北全业务落地^5329ZTCS1ESP05588449835QNTTC^^^^^^^^^^PW-W-6685-新桥北全业务落地^5329ZTCS1PSW4506RW4NUN21^通道AZ端网元与伪线AZ端网元一致，且通道中关联伪线ID为空，且通道Z端端口和伪线端口均在业务接入点表中^0^2021-12-29 00:26:28^SYSTEM_NEW^2018-12-20 00:56:01^SYSTEM_NEW^2021-12-29 00:26:28^3033568131^^
^DNI:PW-6126-鹤庆县新移动6500-L2L3备_HX_6137-鹤庆县花树村6500-L2L3主_HX-170417^-1872825676^-1872825696^^^^^^2354377344^2354377252^4854332177^^1^^5^65^^^0^0^53935982^^^2019^2019^DNI:PW-6126-鹤庆县新移动6500-L2L3备_HX_6137-鹤庆县花树村6500-L2L3主_HX-170417^5329ZTCS1ESP04878374706MM9K3^^^^^^^^^^DNI:PW-6126-鹤庆县新移动6500-L2L3备_HX_6137-鹤庆县花树村6500-L2L3主_HX-170417^5329ZTCS1PSW4506RW4NYW7V^^0^2021-12-29 00:27:19^SYSTEM_NEW^2021-12-18 22:35:05^SYSTEM_NEW^2021-12-29 00:27:19^4854256500^^
^PW-W-7849-巍山县五印乡鼠街村委会潞主塘_B^-1574192570^-1903563731^^^^^^-1573827532^2176742396^4854326177^^1^^5^69^^^0^0^53935982^^^225^225^PW-W-7849-巍山县五印乡鼠街村委会潞主塘_B^5329ZTCS1ESP02259316664OM9CX^^^^^^^^^^PW-W-7849-巍山县五印乡鼠街村委会潞主塘_B^5329ZTCS1PSW4506RW4NYI33^^0^2021-12-29 00:27:48^SYSTEM_NEW^2021-12-18 22:35:05^SYSTEM_NEW^2021-12-29 00:27:48^4854256511^^
^DNI:PW-7143-巍山县文献街6500-L2/L3备_HX_5951-巍山县新移动6500-L2/L3主_HX-148805^-1747003071^-1903563731^^^^^^2176742400^2176742396^4854327067^^1^^5^69^^^0^0^53935982^^^225^225^DNI:PW-7143-巍山县文献街6500-L2/L3备_HX_5951-巍山县新移动6500-L2/L3主_HX-148805^5329ZTCS1ESP10889380774OM9CX^^^^^^^^^^DNI:PW-7143-巍山县文献街6500-L2/L3备_HX_5951-巍山县新移动6500-L2/L3主_HX-148805^5329ZTCS1PSW4506RW4NYI35^^0^2021-12-29 00:27:48^SYSTEM_NEW^2021-12-18 22:35:05^SYSTEM_NEW^2021-12-29 00:27:48^4854256512^^
^DNI:PW-7143-巍山县文献街6500-L2/L3备_HX_5951-巍山县新移动6500-L2/L3主_HX-149064^-1747003071^-1903563731^^^^^^2176742400^2176742396^4854327067^^1^^5^69^^^0^0^53935982^^^246^246^DNI:PW-7143-巍山县文献街6500-L2/L3备_HX_5951-巍山县新移动6500-L2/L3主_HX-149064^5329ZTCS1ESP10889380774PFRAU^^^^^^^^^^DNI:PW-7143-巍山县文献街6500-L2/L3备_HX_5951-巍山县新移动6500-L2/L3主_HX-149064^5329ZTCS1PSW4506RW4NYI88^^0^2021-12-29 00:27:48^SYSTEM_NEW^2021-12-18 22:35:05^SYSTEM_NEW^2021-12-29 00:27:48^4854256513^^
^PW-W-7957-巍山县五印乡鼠街村委会付去码_B^-1568768414^-1903563731^^^^^^-1568531201^2176742396^4854321407^^1^^5^69^^^0^0^53935982^^^230^230^PW-W-7957-巍山县五印乡鼠街村委会付去码_B^5329ZTCS1ESP13968274444OTA7A^^^^^^^^^^PW-W-7957-巍山县五印乡鼠街村委会付去码_B^5329ZTCS1PSW4506RW4NYI9V^^0^2021-12-29 00:27:48^SYSTEM_NEW^2021-12-18 22:35:05^SYSTEM_NEW^2021-12-29 00:27:48^4854256514^^
^PW-W-7545-弥渡县密祉大平地_B^-1624346836^-1775812139^^^^^^-1623999413^2169687867^4854342023^^1^^5^67^^^0^0^53935982^^^102^102^PW-W-7545-弥渡县密祉大平地_B^5329ZTCS1ESP04727820554JTHEU^^^^^^^^^^PW-W-7545-弥渡县密祉大平地_B^5329ZTCS1PSW4506RW4NYDMK^^0^2021-12-29 00:27:45^SYSTEM_NEW^2021-12-18 22:35:05^SYSTEM_NEW^2021-12-29 00:27:45^4854256544^^
^PW-全业务-98-六库丹桂苑（山水蓝岸二期传输节点）9004_HJ-750-福贡县亚目河检查站6220^53974337^214755460^^^^^2025^-1193375924^148221931^4757118393^PW-全业务-98-六库丹桂苑（山水蓝岸二期传输节点）9004_HJ-750-福贡县亚目河检查站6220^1^^15^130^^^0^0^53935991^^^604,605^^PW-全业务-98-六库丹桂苑（山水蓝岸二期传输节点）9004_HJ-750-福贡县亚目河检查站6220^5333ZTCS1ESP0166239498PB6^^^^^^^^^^PW-全业务-98-六库丹桂苑（山水蓝岸二期传输节点）9004_HJ-750-福贡县亚目河检查站6220^5333ZTCS1PSW4553NUR3HWQH^通道AZ端网元与伪线AZ端网元一致，且通道中关联伪线ID为空，且通道Z端端口和伪线端口均在业务接入点表中^0^2021-12-24 21:43:55^SYSTEM_NEW^2019-07-31 18:25:43^SYSTEM_NEW^2021-12-24 21:43:55^3033568292^^
^DNI:PW-7069-弥渡县老移动6500-L2/L3备_HX_6980-弥渡县新移动6500-L2/L3主_HX-144188^-1756836765^-1775812139^^^^^^2169687856^2169687867^4854327340^^1^^5^67^^^0^0^53935982^^^190^190^DNI:PW-7069-弥渡县老移动6500-L2/L3备_HX_6980-弥渡县新移动6500-L2/L3主_HX-144188^5329ZTCS1ESP04116569884N93GE^^^^^^^^^^DNI:PW-7069-弥渡县老移动6500-L2/L3备_HX_6980-弥渡县新移动6500-L2/L3主_HX-144188^5329ZTCS1PSW4506RW4NYDWX^^0^2021-12-29 00:27:45^SYSTEM_NEW^2021-12-18 22:35:05^SYSTEM_NEW^2021-12-29 00:27:45^4854256545^^
^PW-全业务-EVPTREE-景东县文路村政法委专线  vlan=88^-1365465500^216394316^^^^^2252^-926670212^218247568^4807956038^PW-全业务-EVPTREE-景东县文路村政法委专线  vlan=88^1^^4^51^^^0^0^53935986^^^88^88^PW-全业务-EVPTREE-景东县文路村政法委专线  vlan=88^5308ZTCS1ESP13619123534FVLZ5^^^^^^^^^^PW-全业务-EVPTREE-景东县文路村政法委专线  vlan=88^5308ZTCS1PSW44WHOXDHIQBJ^通道AZ端网元与伪线AZ端网元一致，且通道中关联伪线ID为空，且通道Z端端口和伪线端口均在业务接入点表中^0^2021-12-27 04:42:11^SYSTEM_NEW^2018-12-20 04:46:10^SYSTEM_NEW^2021-12-27 04:42:11^3033568294^^
^PW-全业务-EVPTREE-景东县文路村政法委专线 vlan=1034^-1361011170^216394316^^^^^2009^-1359836268^218247568^4807937612^PW-全业务-EVPTREE-景东县文路村政法委专线 vlan=1034^1^^4^53^^^0^0^53935986^^^^1034^PW-全业务-EVPTREE-景东县文路村政法委专线 vlan=1034^5308ZTCS1ESP0549025533PA8^^^^^^^^^^PW-全业务-EVPTREE-景东县文路村政法委专线 vlan=1034^5308ZTCS1PSW44WHOXDHIQ2W^通道AZ端网元与伪线AZ端网元一致，且通道中关联伪线ID为空，且通道Z端端口和伪线端口均在业务接入点表中^0^2021-12-27 04:41:54^SYSTEM_NEW^2018-12-20 04:45:47^SYSTEM_NEW^2021-12-27 04:41:54^3033568295^^
^PW-全业务-EVPTREE-景东县新民政法委专线 vlan=88^-1365465500^216394369^^^^^2252^-926670212^218254115^4807961791^PW-全业务-EVPTREE-景东县新民政法委专线 vlan=88^1^^4^51^^^0^0^53935986^^^88^88^PW-全业务-EVPTREE-景东县新民政法委专线 vlan=88^5308ZTCS1ESP13619123534FVLZ5^^^^^^^^^^PW-全业务-EVPTREE-景东县新民政法委专线 vlan=88^5308ZTCS1PSW44WHOXDHIQUH^通道AZ端网元与伪线AZ端网元一致，且通道中关联伪线ID为空，且通道Z端端口和伪线端口均在业务接入点表中^0^2021-12-27 04:42:12^SYSTEM_NEW^2018-12-20 04:45:48^SYSTEM_NEW^2021-12-27 04:42:12^3033568296^^
^PW-全业务-EVPTREE-景东县新民政法委专线 vlan=88^-1365465500^216394369^^^^^2252^-1364215156^218254113^-576942608^PW-全业务-EVPTREE-景东县新民政法委专线 vlan=88^1^^4^51^^^0^0^53935986^^^88^88^PW-全业务-EVPTREE-景东县新民政法委专线 vlan=88^5308ZTCS1ESP13619123534FVLZ5^^^^^^^^^^PW-全业务-EVPTREE-景东县新民政法委专线 vlan=88^5308ZTCS1PSW44WHOXDHIQUH^通道AZ端网元与伪线AZ端网元一致，且通道中关联伪线ID为空，且通道Z端端口和伪线端口均在业务接入点表中^0^2020-07-21 15:28:02^SYSTEM_NEW^2018-12-20 04:45:48^SYSTEM_NEW^2020-07-21 15:28:02^3033568297^^
^PW-全业务-EVPTREE-景东县新民政法委专线 vlan=88^-1365465500^216394369^^^^^2252^-1364215152^218254116^-576942608^PW-全业务-EVPTREE-景东县新民政法委专线 vlan=88^1^^4^51^^^0^0^53935986^^^88^88^PW-全业务-EVPTREE-景东县新民政法委专线 vlan=88^5308ZTCS1ESP13619123534FVLZ5^^^^^^^^^^PW-全业务-EVPTREE-景东县新民政法委专线 vlan=88^5308ZTCS1PSW44WHOXDHIQUH^通道AZ端网元与伪线AZ端网元一致，且通道中关联伪线ID为空，且通道Z端端口和伪线端口均在业务接入点表中^0^2020-07-21 15:28:02^SYSTEM_NEW^2018-12-20 04:45:48^SYSTEM_NEW^2020-07-21 15:28:02^3033568298^^
^PW-全业务-EVPTREE-镇沅县烂泥箐（烂泥塘）政法委专线 vlan=88^-1365465500^225603055^^^^^2252^-926670212^225606880^4807949452^PW-全业务-EVPTREE-镇沅县烂泥箐（烂泥塘）政法委专线 vlan=88^1^^4^51^^^0^0^53935986^^^88^88^PW-全业务-EVPTREE-镇沅县烂泥箐（烂泥塘）政法委专线 vlan=88^5308ZTCS1ESP13619123534FVLZ5^^^^^^^^^^PW-全业务-EVPTREE-镇沅县烂泥箐（烂泥塘）政法委专线 vlan=88^5308ZTCS1PSW44WHOXDHIRGF^通道AZ端网元与伪线AZ端网元一致，且通道中关联伪线ID为空，且通道Z端端口和伪线端口均在业务接入点表中^0^2021-12-27 04:41:52^SYSTEM_NEW^2018-12-20 04:45:48^SYSTEM_NEW^2021-12-27 04:41:52^3033568299^^
^PW-1843-红河州红河县公安局_4865-红河勐龙大黑攻村委会-231064^53991128^251096273^^^^^2221^57763808^251104131^-577478418^PW-1843-红河州红河县公安局_4865-红河勐龙大黑攻村委会-231064^1^^10^41^^^0^0^53935998^^^^^PW-1843-红河州红河县公安局_4865-红河勐龙大黑攻村委会-231064^5325ZTCS1ESP0643819238PAD^^^^^^^^^^PW-1843-红河州红河县公安局_4865-红河勐龙大黑攻村委会-231064^5325ZTCS1PSW446GZWG1GU8U^通道AZ端网元与伪线AZ端网元一致，且通道中关联伪线ID为空，且通道Z端端口和伪线端口均在业务接入点表中^0^2020-07-21 14:09:55^SYSTEM_NEW^2018-12-20 02:41:55^SYSTEM_NEW^2020-07-21 14:09:55^3033568300^^
^PW-W-7672-弥渡县小官庄^-1597694571^-1775812139^^^^^^-1597384437^2169687868^4854325166^^1^^5^67^^^0^0^53935982^^^2135^2135^PW-W-7672-弥渡县小官庄^5329ZTCS1ESP14770058906R57IV^^^^^^^^^^PW-W-7672-弥渡县小官庄^5329ZTCS1PSW4506RW4NYDXW^^0^2021-12-29 00:27:45^SYSTEM_NEW^2021-12-18 22:35:05^SYSTEM_NEW^2021-12-29 00:27:45^4854256546^^
^PW-W-875-鹤庆县云鹤龙马邑村^53964844^-1872825696^^^^^^56820360^2341619989^4854336150^^1^^5^65^^^0^0^53935982^^^2009^2009^PW-W-875-鹤庆县云鹤龙马邑村^5329ZTCS1ESP0378777879PAN^^^^^^^^^^PW-W-875-鹤庆县云鹤龙马邑村^5329ZTCS1PSW4506RW4NYUBA^^0^2021-12-29 00:27:22^SYSTEM_NEW^2021-12-18 22:35:05^SYSTEM_NEW^2021-12-29 00:27:22^4854256410^^
^宣威市灰硐A中石化加油站WIFI数据专线-vc^-296286553^-1684792888^--^--^^^366243^-296284398^-1682400895^3958971150^宣威市灰硐A中石化加油站WIFI数据专线-vc^1^^7^84^^^-296285082^-1682446997^53935999^^^--^--^宣威市灰硐A中石化加油站WIFI数据专线-vc^5303FHCS1ETP7S00000000006DH1^^^^^^^^^^宣威市灰硐A中石化加油站WIFI数据专线-vc^5303FHCS1PSW3W000000008LT9E7^通道AZ端网元与伪线AZ端网元一致，且通道中关联伪线ID为空，且通道Z端端口和伪线端口均在业务接入点表中^0^2021-10-20 07:03:09^SYSTEM_NEW^2019-05-15 09:55:13^SYSTEM_NEW^2021-10-20 07:03:09^3033567963^^
^宣威市灰硐A中石化加油站WIFI数据专线-vc^-296286553^-1684792888^--^--^^^366243^-296284371^-1682400877^-244619151^宣威市灰硐A中石化加油站WIFI数据专线-vc^1^^7^84^^^-296285082^-1682446997^53935999^^^--^--^宣威市灰硐A中石化加油站WIFI数据专线-vc^5303FHCS1ESP50000000000100OX^^^^^^^^^^宣威市灰硐A中石化加油站WIFI数据专线-vc^5303FHCS1PSW3W000000008LT9E7^通道AZ端网元与伪线AZ端网元一致，且通道中关联伪线ID为空，且通道Z端端口和伪线端口均在业务接入点表中^0^2020-07-21 08:58:16^SYSTEM_NEW^2019-05-15 09:55:13^SYSTEM_NEW^2020-07-21 08:58:16^3033567964^^
^122-镇雄县泼机_HJ<->12121-镇雄县大院子_B^53969613^223983640^--^--^^^2121^-1222660567^-701107986^2524480964^122-镇雄县泼机_HJ<->12121-镇雄县大院子_B^1^^16^134^^^0^0^53936000^^^4021^--^122-镇雄县泼机_HJ<->12121-镇雄县大院子_B^5306HWCSTESP5ca3395db125595d^^^^^^^^^^122-镇雄县泼机_HJ<->12121-镇雄县大院子_B^5306HWCSTPSW35043be023a478b5^通道AZ端网元与伪线AZ端网元一致，且通道中关联伪线ID为空，且通道Z端端口和伪线端口均在业务接入点表中^0^2020-08-10 17:05:18^SYSTEM_NEW^2018-12-20 09:07:09^SYSTEM_NEW^2020-08-10 17:05:18^3033567965^^
^PW-W-6685-新桥北全业务落地^-1819270317^-780183036^^^^^2189^-1807274411^-692363056^4854311752^PW-W-6685-新桥北全业务落地^1^^5^62^^^0^0^53935982^^^^^PW-W-6685-新桥北全业务落地^5329ZTCS1ESP2145942427PA8^^^^^^^^^^PW-W-6685-新桥北全业务落地^5329ZTCS1PSW4506RW4NUF17^通道AZ端网元与伪线AZ端网元一致，且通道中关联伪线ID为空，且通道Z端端口和伪线端口均在业务接入点表中^0^2021-12-29 00:26:34^SYSTEM_NEW^2018-12-20 00:55:54^SYSTEM_NEW^2021-12-29 00:26:34^3033567966^^
^PW-W-6685-新桥北全业务落地^-1819270317^-780183036^^^^^2189^-1807274121^-692362017^-577939342^PW-W-6685-新桥北全业务落地^1^^5^62^^^0^0^53935982^^^^^PW-W-6685-新桥北全业务落地^5329ZTCS1ESP2145942427PA8^^^^^^^^^^PW-W-6685-新桥北全业务落地^5329ZTCS1PSW4506RW4NUF17^通道AZ端网元与伪线AZ端网元一致，且通道中关联伪线ID为空，且通道A端端口和伪线端口均在业务接入点表中^0^2020-07-21 13:09:21^SYSTEM_NEW^2018-12-20 00:55:54^SYSTEM_NEW^2020-07-21 13:09:21^3033567967^^
^PW-全业务-7876-文山市金兰山庄6500-8(工程)^-1770164841^-342139653^^^^^2226^-1389746818^-342083109^4808469073^PW-全业务-7876-文山市金兰山庄6500-8(工程)^1^^9^118^^^0^0^53935988^^^^^PW-全业务-7876-文山市金兰山庄6500-8(工程)^5326ZTCS1ESP0413339855PA8^^^^^^^^^^PW-全业务-7876-文山市金兰山庄6500-8(工程)^5326ZTCS1PSW453WAFCEWYW0^通道AZ端网元与伪线AZ端网元一致，且通道中关联伪线ID为空，且通道Z端端口和伪线端口均在业务接入点表中^0^2021-12-27 06:02:12^SYSTEM_NEW^2019-05-13 19:18:43^SYSTEM_NEW^2021-12-27 06:02:12^3033567968^^
^PW-全业务-7876-文山市金兰山庄6500-8(工程)^-1770164841^-342139653^^^^^2226^-1375670253^-342082300^-248060794^PW-全业务-7876-文山市金兰山庄6500-8(工程)^1^^9^118^^^0^0^53935988^^^^^PW-全业务-7876-文山市金兰山庄6500-8(工程)^5326ZTCS1ESP0413339855PA8^^^^^^^^^^PW-全业务-7876-文山市金兰山庄6500-8(工程)^5326ZTCS1PSW453WAFCEWYW0^通道AZ端网元与伪线AZ端网元一致，且通道中关联伪线ID为空，且通道Z端端口和伪线端口均在业务接入点表中^0^2020-07-21 16:04:04^SYSTEM_NEW^2019-05-13 19:18:43^SYSTEM_NEW^2020-07-21 16:04:04^3033567969^^
^PW-W-2903-大理市凤仪消防队6110_Q^54021703^-1819270317^^^^^^55141141^-1813216110^4854312965^^1^^5^62^^^0^0^53935982^^^^3419^PW-W-2903-大理市凤仪消防队6110_Q^5329ZTCS1ESP0899844602PAE^^^^^^^^^^PW-W-2903-大理市凤仪消防队6110_Q^5329ZTCS1PSW4506RW4NYUBW^^0^2021-12-29 00:27:22^SYSTEM_NEW^2021-12-18 22:35:05^SYSTEM_NEW^2021-12-29 00:27:22^4854256411^^
^PW -P-8226-鹤庆县西邑镇南登_B^-1524768854^-1872825676^^^^^^-1522819880^2341620065^4854330410^^1^^5^65^^^0^0^53935982^^^175^175^PW -P-8226-鹤庆县西邑镇南登_B^5329ZTCS1ESP10588308424MO0XB^^^^^^^^^^PW -P-8226-鹤庆县西邑镇南登_B^5329ZTCS1PSW4506RW4NYUG1^^0^2021-12-29 00:27:22^SYSTEM_NEW^2021-12-18 22:35:05^SYSTEM_NEW^2021-12-29 00:27:22^4854256412^^
^PW-W-8329-鹤庆县上鹤高速北衙大沙地_B^-1510974451^-1872825696^^^^^^-1510130438^2341620098^4854335954^^1^^5^65^^^0^0^53935982^^^183^183^PW-W-8329-鹤庆县上鹤高速北衙大沙地_B^5329ZTCS1ESP01524103144MZ9H3^^^^^^^^^^PW-W-8329-鹤庆县上鹤高速北衙大沙地_B^5329ZTCS1PSW4506RW4NYUIV^^0^2021-12-29 00:27:22^SYSTEM_NEW^2021-12-18 22:35:05^SYSTEM_NEW^2021-12-29 00:27:22^4854256413^^
^PW-W-2774-洱源县右所镇利民冷库_B^54029828^-1820371477^^^^^^54914898^2445293628^4854342030^^1^^5^64^^^0^0^53935982^^^2023^2023^PW-W-2774-洱源县右所镇利民冷库_B^5329ZTCS1ESP0933304484PAH^^^^^^^^^^PW-W-2774-洱源县右所镇利民冷库_B^5329ZTCS1PSW4506RW4NZ40M^^0^2021-12-29 00:28:07^SYSTEM_NEW^2021-12-18 22:35:05^SYSTEM_NEW^2021-12-29 00:28:07^4854256414^^
^PW-W-5766-洱源县右所三枚草海子^-1961703206^-1820371477^^^^^^-1948319553^2445293634^4854329824^^1^^5^64^^^0^0^53935982^^^2188^2188^PW-W-5766-洱源县右所三枚草海子^5329ZTCS1ESP08021802796T7NNW^^^^^^^^^^PW-W-5766-洱源县右所三枚草海子^5329ZTCS1PSW4506RW4NZ42A^^0^2021-12-29 00:28:07^SYSTEM_NEW^2021-12-18 22:35:05^SYSTEM_NEW^2021-12-29 00:28:07^4854256415^^
^DNI:PW-7076-洱源县老移动（城西）6500-L2L3备_HX_6661-洱源县新移动6500-L2L3主_HX-179532^2938097781^-1820371477^^^^^^2994803320^2445293628^4854337072^^1^^5^64^^^0^0^53935982^^^2052^2052^DNI:PW-7076-洱源县老移动（城西）6500-L2L3备_HX_6661-洱源县新移动6500-L2L3主_HX-179532^5329ZTCS1ESP16722201626NWMBO^^^^^^^^^^DNI:PW-7076-洱源县老移动（城西）6500-L2L3备_HX_6661-洱源县新移动6500-L2L3主_HX-179532^5329ZTCS1PSW4506RW4NZ47D^^0^2021-12-29 00:28:07^SYSTEM_NEW^2021-12-18 22:35:05^SYSTEM_NEW^2021-12-29 00:28:07^4854256416^^
^PW-全业务-124-瑞丽市新光6200^-806360650^2231207981^^^^^2326^-701928195^2231208010^4880987220^PW-全业务-124-瑞丽市新光6200^1^^11^99^^^0^0^53935990^^^^^PW-全业务-124-瑞丽市新光6200^5331ZTCS2ESP1206006072PA8^^^^^^^^^^PW-全业务-124-瑞丽市新光6200^5331ZTCS2PSW4556GJD9WX9H^通道AZ端网元与伪线AZ端网元一致，且通道中关联伪线ID为空，且通道Z端端口和伪线端口均在业务接入点表中^0^2021-12-28 22:22:30^SYSTEM_NEW^2018-12-19 23:24:50^SYSTEM_NEW^2021-12-28 22:22:30^3033568132^^
^PW-全业务-124-瑞丽市新光6200^-806360650^2231207981^^^^^2326^-782315903^2231208076^-578286533^PW-全业务-124-瑞丽市新光6200^1^^11^99^^^0^0^53935990^^^^^PW-全业务-124-瑞丽市新光6200^5331ZTCS2ESP1206006072PA8^^^^^^^^^^PW-全业务-124-瑞丽市新光6200^5331ZTCS2PSW4556GJD9WX9H^通道AZ端网元与伪线AZ端网元一致，且通道中关联伪线ID为空，且通道Z端端口和伪线端口均在业务接入点表中^0^2020-07-21 12:27:41^SYSTEM_NEW^2018-12-19 23:24:50^SYSTEM_NEW^2020-07-21 12:27:41^3033568133^^
^PW-W-6685-大理市新桥北（4F）全业务落地6500_HX^-1819270317^2787970830^^^^^^-1759521807^2787970876^2795482227^PW-W-6685-大理市新桥北（4F）全业务落地6500_HX^1^^5^62^^^0^0^53935982^^^1000^^PW-W-6685-大理市新桥北（4F）全业务落地6500_HX^5329ZTCS1ESP05588449835IUW2W^^^^^^^^^^PW-W-6685-大理市新桥北（4F）全业务落地6500_HX^5329ZTCS1PSW4506RW4NZPST^通道AZ端网元与伪线AZ端网元一致，且通道中关联伪线ID为空，且通道Z端端口和伪线端口均在业务接入点表中^0^2020-08-11 13:06:47^SYSTEM_NEW^2020-04-27 16:42:11^SYSTEM_NEW^2020-08-11 13:06:47^3033568134^^
^2001-楚雄市移动大楼落地四_HX<->2011-楚雄市井家小区1^53973297^53973312^--^--^^^2054^56475968^-145498024^-144773733^2001-楚雄市移动大楼落地四_HX<->2011-楚雄市井家小区1^1^^6^74^^^0^0^53935989^^^--^--^2001-楚雄市移动大楼落地四_HX<->2011-楚雄市井家小区1^5323HWCSTESPdafac87c17ea45e8^^^^^^^^^^2001-楚雄市移动大楼落地四_HX<->2011-楚雄市井家小区1^5323HWCSTPSW5900124fb612946e^通道AZ端网元与伪线AZ端网元一致，且通道中关联伪线ID为空，且通道A端端口和伪线端口均在业务接入点表中^0^2020-08-10 16:13:07^SYSTEM_NEW^2019-04-06 18:31:54^SYSTEM_NEW^2020-08-10 16:13:07^3033568135^^
^PW-全业务-321-广南老政府6200^53966646^53976610^^^^^2226^56594326^56631541^-576269154^PW-全业务-321-广南老政府6200^1^^9^120^^^0^0^53935988^^^^^PW-全业务-321-广南老政府6200^5326ZTCS1ESP1273474325PAT^^^^^^^^^^PW-全业务-321-广南老政府6200^5326ZTCS1PSW453WAFCEQROK^通道AZ端网元与伪线ZA端网元一致，且通道中关联伪线ID为空，且通道A端端口和伪线端口均在业务接入点表中^0^2020-08-10 15:41:54^SYSTEM_NEW^2018-12-20 06:07:56^SYSTEM_NEW^2020-08-10 15:41:54^3033568136^^
^PW-互联网专线-宾川州城-宾川移动9008^-207158929^-1892471874^^^^^2053^-207105391^-1890408762^4854309155^PW-互联网专线-宾川州城-宾川移动9008^1^^5^453647^^^0^0^53935982^^^^^PW-互联网专线-宾川州城-宾川移动9008^5329ZTCS1ESP1774739206PA8^^^^^^^^^^PW-互联网专线-宾川州城-宾川移动9008^5329ZTCS1PSW4506RW4NQZCS^通道AZ端网元与伪线ZA端网元一致，且通道中关联伪线ID为空，且通道A端端口和伪线端口均在业务接入点表中^0^2021-12-29 00:26:11^SYSTEM_NEW^2018-12-20 00:56:02^SYSTEM_NEW^2021-12-29 00:26:11^3033568137^^
^PW-互联网专线-宾川州城-宾川移动9008^-207158929^-1892471874^^^^^2053^-184709312^-1890408762^-577942248^PW-互联网专线-宾川州城-宾川移动9008^1^^5^453647^^^0^0^53935982^^^^^PW-互联网专线-宾川州城-宾川移动9008^5329ZTCS1ESP1774739206PA8^^^^^^^^^^PW-互联网专线-宾川州城-宾川移动9008^5329ZTCS1PSW4506RW4NQZCS^通道AZ端网元与伪线ZA端网元一致，且通道中关联伪线ID为空，且通道A端端口和伪线端口均在业务接入点表中^0^2020-07-21 13:09:07^SYSTEM_NEW^2018-12-20 00:56:02^SYSTEM_NEW^2020-07-21 13:09:07^3033568138^^
^PW-互联网专线-宾川州城-宾川移动9008^-207158929^-1892471874^^^^^2053^-184709312^-1890408762^-577942248^PW-互联网专线-宾川州城-宾川移动9008^1^^5^453647^^^0^0^53935982^^^^^PW-互联网专线-宾川州城-宾川移动9008^5329ZTCS1ESP1774739206PA8^^^^^^^^^^PW-互联网专线-宾川州城-宾川移动9008^5329ZTCS1PSW4506RW4NQZCS^通道AZ端网元与伪线ZA端网元一致，且通道中关联伪线ID为空，且通道Z端端口和伪线端口均在业务接入点表中^0^2020-07-21 13:09:07^SYSTEM_NEW^2018-12-20 00:56:02^SYSTEM_NEW^2020-07-21 13:09:07^3033568139^^
^PW-互联网专线-宾川州城-宾川移动9008^-207158929^-1892471874^^^^^2053^-184709295^-1890408762^-577942248^PW-互联网专线-宾川州城-宾川移动9008^1^^5^453647^^^0^0^53935982^^^^^PW-互联网专线-宾川州城-宾川移动9008^5329ZTCS1ESP1774739206PA8^^^^^^^^^^PW-互联网专线-宾川州城-宾川移动9008^5329ZTCS1PSW4506RW4NQZCS^通道AZ端网元与伪线ZA端网元一致，且通道中关联伪线ID为空，且通道Z端端口和伪线端口均在业务接入点表中^0^2020-07-21 13:09:07^SYSTEM_NEW^2018-12-20 00:56:02^SYSTEM_NEW^2020-07-21 13:09:07^3033568140^^
^5824-楚雄市中央公园室分_S<->5864-楚雄市移动大楼集客落地一（主）_HX^-1128474018^-1128474153^--^--^^^2054^-1082267463^-1119218990^-576033478^5824-楚雄市中央公园室分_S<->5864-楚雄市移动大楼集客落地一（主）_HX^1^^6^74^^^0^0^53935989^^^--^--^5824-楚雄市中央公园室分_S<->5864-楚雄市移动大楼集客落地一（主）_HX^5323HWCSTESPc271eb26b1193e22^^^^^^^^^^5824-楚雄市中央公园室分_S<->5864-楚雄市移动大楼集客落地一（主）_HX^5323HWCSTPSW91dc7af88dd17600^通道AZ端网元与伪线ZA端网元一致，且通道中关联伪线ID为空，且通道A端端口和伪线端口均在业务接入点表中^0^2020-08-10 16:13:05^SYSTEM_NEW^2019-04-06 18:31:56^SYSTEM_NEW^2020-08-10 16:13:05^3033568141^^
^5824-楚雄市中央公园室分_S<->5864-楚雄市移动大楼集客落地一（主）_HX^-1128474018^-1128474153^--^--^^^2054^-1082267461^-701377370^-576033478^5824-楚雄市中央公园室分_S<->5864-楚雄市移动大楼集客落地一（主）_HX^1^^6^74^^^0^0^53935989^^^--^--^5824-楚雄市中央公园室分_S<->5864-楚雄市移动大楼集客落地一（主）_HX^5323HWCSTESPc271eb26b1193e22^^^^^^^^^^5824-楚雄市中央公园室分_S<->5864-楚雄市移动大楼集客落地一（主）_HX^5323HWCSTPSW91dc7af88dd17600^通道AZ端网元与伪线ZA端网元一致，且通道中关联伪线ID为空，且通道Z端端口和伪线端口均在业务接入点表中^0^2020-07-21 16:36:21^SYSTEM_NEW^2019-04-06 18:31:56^SYSTEM_NEW^2020-07-21 16:36:21^3033568142^^
^PW-全业务-EVPTREE-孟连县扩安政法委专线^-1365465500^1332865372^^^^^2252^-926670212^1347499069^4807959270^PW-全业务-EVPTREE-孟连县扩安政法委专线^1^^4^51^^^0^0^53935986^^^88^88^PW-全业务-EVPTREE-孟连县扩安政法委专线^5308ZTCS1ESP13619123534FVLZ5^^^^^^^^^^PW-全业务-EVPTREE-孟连县扩安政法委专线^5308ZTCS1PSW44WHOXDHIQE4^通道AZ端网元与伪线AZ端网元一致，且通道中关联伪线ID为空，且通道Z端端口和伪线端口均在业务接入点表中^0^2021-12-27 04:42:05^SYSTEM_NEW^2018-12-20 04:46:07^SYSTEM_NEW^2021-12-27 04:42:05^3033568301^^
^PW-全业务-EVPTREE-孟连县扩安政法委专线^-1365465500^1332865372^^^^^2252^-1364215152^2024321484^-576926324^PW-全业务-EVPTREE-孟连县扩安政法委专线^1^^4^51^^^0^0^53935986^^^88^88^PW-全业务-EVPTREE-孟连县扩安政法委专线^5308ZTCS1ESP13619123534FVLZ5^^^^^^^^^^PW-全业务-EVPTREE-孟连县扩安政法委专线^5308ZTCS1PSW44WHOXDHIQE4^通道AZ端网元与伪线AZ端网元一致，且通道中关联伪线ID为空，且通道Z端端口和伪线端口均在业务接入点表中^0^2020-07-21 15:27:53^SYSTEM_NEW^2018-12-20 04:46:07^SYSTEM_NEW^2020-07-21 15:27:53^3033568302^^
^PW-全业务-EVPTREE-孟连县扩安政法委专线^-1365465500^1332865372^^^^^2252^-1364215154^2024321484^-576926324^PW-全业务-EVPTREE-孟连县扩安政法委专线^1^^4^51^^^0^0^53935986^^^88^88^PW-全业务-EVPTREE-孟连县扩安政法委专线^5308ZTCS1ESP13619123534FVLZ5^^^^^^^^^^PW-全业务-EVPTREE-孟连县扩安政法委专线^5308ZTCS1PSW44WHOXDHIQE4^通道AZ端网元与伪线AZ端网元一致，且通道中关联伪线ID为空，且通道Z端端口和伪线端口均在业务接入点表中^0^2020-07-21 15:27:53^SYSTEM_NEW^2018-12-20 04:46:07^SYSTEM_NEW^2020-07-21 15:27:53^3033568303^^
^PW-W-1647-剑川沙溪指定专营店^53993154^-1737408452^^^^^2027^0^0^4423497670^PW-W-1647-剑川沙溪指定专营店^1^^5^66^^^0^0^53935982^^^^^PW-W-1647-剑川沙溪指定专营店^5329ZTCS1ETP10XQ8X^^^^^^^^^^PW-W-1647-剑川沙溪指定专营店^5329ZTCS1PSW4506RW4NROQN^通道AZ端网元与伪线ZA端网元一致，且通道中关联伪线ID为空，且通道A端端口和伪线端口均在业务接入点表中^0^2021-10-21 09:14:31^SYSTEM_NEW^2018-12-20 00:55:36^SYSTEM_NEW^2021-10-21 09:14:31^3033568304^^
^5839-楚雄市大过口2_HJ<->5865-楚雄市移动大楼集客落地二（备）_HX^0^0^--^--^^^2054^0^0^3962568167^5839-楚雄市大过口2_HJ<->5865-楚雄市移动大楼集客落地二（备）_HX^1^^6^0^^^0^0^53935989^^^--^--^5839-楚雄市大过口2_HJ<->5865-楚雄市移动大楼集客落地二（备）_HX^5323HWCSTETPee3243d3ed453827^^^^^^^^^^5839-楚雄市大过口2_HJ<->5865-楚雄市移动大楼集客落地二（备）_HX^5323HWCSTPSW468752cc2118588e^通道AZ端网元与伪线ZA端网元一致，且通道中关联伪线ID为空，且通道A端端口和伪线端口均在业务接入点表中^0^2021-06-16 23:05:50^SYSTEM_NEW^2019-04-06 18:31:53^SYSTEM_NEW^2021-06-16 23:05:50^3033568305^^
^5839-楚雄市大过口2_HJ<->5865-楚雄市移动大楼集客落地二（备）_HX^-1128474113^-1128474154^--^--^^^2054^-1082274119^-701377764^-576035717^5839-楚雄市大过口2_HJ<->5865-楚雄市移动大楼集客落地二（备）_HX^1^^6^74^^^0^0^53935989^^^--^--^5839-楚雄市大过口2_HJ<->5865-楚雄市移动大楼集客落地二（备）_HX^5323HWCSTESP2745087a41d218f8^^^^^^^^^^5839-楚雄市大过口2_HJ<->5865-楚雄市移动大楼集客落地二（备）_HX^5323HWCSTPSW468752cc2118588e^通道AZ端网元与伪线ZA端网元一致，且通道中关联伪线ID为空，且通道Z端端口和伪线端口均在业务接入点表中^0^2020-07-21 16:36:21^SYSTEM_NEW^2019-04-06 18:31:53^SYSTEM_NEW^2020-07-21 16:36:21^3033568306^^
^2061-楚雄市龙瀚酒店<->5864-楚雄市移动大楼集客落地一（主）_HX^0^0^--^--^^^2054^0^0^3962566285^2061-楚雄市龙瀚酒店<->5864-楚雄市移动大楼集客落地一（主）_HX^1^^6^0^^^0^0^53935989^^^--^--^2061-楚雄市龙瀚酒店<->5864-楚雄市移动大楼集客落地一（主）_HX^5323HWCSTETP5aacd66e9ece1534^^^^^^^^^^2061-楚雄市龙瀚酒店<->5864-楚雄市移动大楼集客落地一（主）_HX^5323HWCSTPSW1d2a30cee9affa31^通道AZ端网元与伪线ZA端网元一致，且通道中关联伪线ID为空，且通道A端端口和伪线端口均在业务接入点表中^0^2021-06-16 23:05:47^SYSTEM_NEW^2019-04-06 18:31:55^SYSTEM_NEW^2021-06-16 23:05:47^3033568307^^
^2061-楚雄市龙瀚酒店<->5864-楚雄市移动大楼集客落地一（主）_HX^53977389^-1128474153^--^--^^^2054^57135723^-701377370^-296795143^2061-楚雄市龙瀚酒店<->5864-楚雄市移动大楼集客落地一（主）_HX^1^^6^74^^^0^0^53935989^^^--^--^2061-楚雄市龙瀚酒店<->5864-楚雄市移动大楼集客落地一（主）_HX^5323HWCSTESP044021a8581212f2^^^^^^^^^^2061-楚雄市龙瀚酒店<->5864-楚雄市移动大楼集客落地一（主）_HX^5323HWCSTPSW1d2a30cee9affa31^通道AZ端网元与伪线ZA端网元一致，且通道中关联伪线ID为空，且通道Z端端口和伪线端口均在业务接入点表中^0^2020-07-21 16:36:24^SYSTEM_NEW^2019-04-06 18:31:55^SYSTEM_NEW^2020-07-21 16:36:24^3033568308^^
^10390-元谋县上柏<->10461-元谋县水务局_Q^-1550122342^-576174555^--^--^^^366262^-1549243519^-561517401^-167382093^10390-元谋县上柏<->10461-元谋县水务局_Q^1^^6^83^^^0^0^53935989^^^--^--^10390-元谋县上柏<->10461-元谋县水务局_Q^5323HWCSTESPae8a4c61b2930759^^^^^^^^^^10390-元谋县上柏<->10461-元谋县水务局_Q^5323HWCSTPSW1713522207381e0b^通道AZ端网元与伪线ZA端网元一致，且通道中关联伪线ID为空，且通道Z端端口和伪线端口均在业务接入点表中^0^2020-08-10 16:13:08^SYSTEM_NEW^2019-04-06 18:31:56^SYSTEM_NEW^2020-08-10 16:13:08^3033568309^^
^22010-姚安县邮电局_HJ<->13001-姚安县局PTN7900_HX^0^0^--^--^^^2220^0^0^3962554596^22010-姚安县邮电局_HJ<->13001-姚安县局PTN7900_HX^1^^6^0^^^0^0^53935989^^^--^--^22010-姚安县邮电局_HJ<->13001-姚安县局PTN7900_HX^5323HWCSTETP53335abe87faa268^^^^^^^^^^22010-姚安县邮电局_HJ<->13001-姚安县局PTN7900_HX^5323HWCSTPSW6a6103b2ddeb3541^通道AZ端网元与伪线ZA端网元一致，且通道中关联伪线ID为空，且通道Z端端口和伪线端口均在业务接入点表中^0^2021-06-16 23:05:49^SYSTEM_NEW^2019-04-06 18:31:54^SYSTEM_NEW^2021-06-16 23:05:49^3033568310^^
^22010-姚安县邮电局_HJ<->13001-姚安县局PTN7900_HX^53981826^53973445^--^--^^^2220^57416365^56479426^-576060637^22010-姚安县邮电局_HJ<->13001-姚安县局PTN7900_HX^1^^6^81^^^0^0^53935989^^^--^--^22010-姚安县邮电局_HJ<->13001-姚安县局PTN7900_HX^5323HWCSTESP697bb3efb02a6dc0^^^^^^^^^^22010-姚安县邮电局_HJ<->13001-姚安县局PTN7900_HX^5323HWCSTPSW6a6103b2ddeb3541^通道AZ端网元与伪线ZA端网元一致，且通道中关联伪线ID为空，且通道Z端端口和伪线端口均在业务接入点表中^0^2020-07-21 16:36:21^SYSTEM_NEW^2019-04-06 18:31:54^SYSTEM_NEW^2020-07-21 16:36:21^3033568311^^
^PW -P-7917-洱源县邓川镇上巷村^-1572035239^2938097781^^^^^^-1571715899^2994803321^4854338458^^1^^5^64^^^0^0^53935982^^^2153^2153^PW -P-7917-洱源县邓川镇上巷村^5329ZTCS1ESP06080938726RUHRD^^^^^^^^^^PW -P-7917-洱源县邓川镇上巷村^5329ZTCS1PSW4506RW4NZ48O^^0^2021-12-29 00:28:07^SYSTEM_NEW^2021-12-18 22:35:05^SYSTEM_NEW^2021-12-29 00:28:07^4854256417^^
^5865-楚雄市移动大楼集客落地二（备）_HX<->2007-楚雄市缘铁宾馆^0^0^--^--^^^2054^0^0^3962567579^5865-楚雄市移动大楼集客落地二（备）_HX<->2007-楚雄市缘铁宾馆^1^^6^0^^^0^0^53935989^^^--^--^5865-楚雄市移动大楼集客落地二（备）_HX<->2007-楚雄市缘铁宾馆^5323HWCSTETPa83ad21e59ce3cb1^^^^^^^^^^5865-楚雄市移动大楼集客落地二（备）_HX<->2007-楚雄市缘铁宾馆^5323HWCSTPSWfba71fd2e58c32a6^通道AZ端网元与伪线AZ端网元一致，且通道中关联伪线ID为空，且通道Z端端口和伪线端口均在业务接入点表中^0^2021-06-16 23:05:48^SYSTEM_NEW^2019-04-06 18:31:57^SYSTEM_NEW^2021-06-16 23:05:48^3033567974^^
^5865-楚雄市移动大楼集客落地二（备）_HX<->2007-楚雄市缘铁宾馆^-1128474154^53973442^--^--^^^2054^-701377764^56478940^-576032801^5865-楚雄市移动大楼集客落地二（备）_HX<->2007-楚雄市缘铁宾馆^1^^6^74^^^0^0^53935989^^^--^--^5865-楚雄市移动大楼集客落地二（备）_HX<->2007-楚雄市缘铁宾馆^5323HWCSTESPdc397b0dd0156deb^^^^^^^^^^5865-楚雄市移动大楼集客落地二（备）_HX<->2007-楚雄市缘铁宾馆^5323HWCSTPSWfba71fd2e58c32a6^通道AZ端网元与伪线AZ端网元一致，且通道中关联伪线ID为空，且通道A端端口和伪线端口均在业务接入点表中^0^2020-07-21 16:36:23^SYSTEM_NEW^2019-04-06 18:31:57^SYSTEM_NEW^2020-07-21 16:36:23^3033567975^^
^PW-全业务-EPTREE-勐先和平村委会政法委专线^-1365465500^53976405^^^^^2252^-926670212^56654453^4807939327^PW-全业务-EPTREE-勐先和平村委会政法委专线^1^^4^51^^^0^0^53935986^^^88^88^PW-全业务-EPTREE-勐先和平村委会政法委专线^5308ZTCS1ESP13619123534FVLZ5^^^^^^^^^^PW-全业务-EPTREE-勐先和平村委会政法委专线^5308ZTCS1PSW44WHOXDHIPK1^通道AZ端网元与伪线AZ端网元一致，且通道中关联伪线ID为空，且通道Z端端口和伪线端口均在业务接入点表中^0^2021-12-27 04:42:05^SYSTEM_NEW^2018-12-20 04:45:48^SYSTEM_NEW^2021-12-27 04:42:05^3033567976^^
^PW-全业务-瑞丽市德宏州边防班岭料场监控点传输专线^469723219^53976668^^^^^2326^471911678^56698011^4880988305^PW-全业务-瑞丽市德宏州边防班岭料场监控点传输专线^1^^11^99^^^0^0^53935990^^^^^PW-全业务-瑞丽市德宏州边防班岭料场监控点传输专线^5331ZTCS2ESP1108792760PAA^^^^^^^^^^PW-全业务-瑞丽市德宏州边防班岭料场监控点传输专线^5331ZTCS2PSW4556GJD9TUZV^通道AZ端网元与伪线AZ端网元一致，且通道中关联伪线ID为空，且通道Z端端口和伪线端口均在业务接入点表中^0^2021-12-28 22:22:07^SYSTEM_NEW^2018-12-19 23:24:40^SYSTEM_NEW^2021-12-28 22:22:07^3033567977^^
^PW-W-6685-大理市新桥北（4F）全业务落地6500_HX^-1819270317^53982838^^^^^2189^-1759521807^57402594^-577926919^PW-W-6685-大理市新桥北（4F）全业务落地6500_HX^1^^5^62^^^0^0^53935982^^^1200^^PW-W-6685-大理市新桥北（4F）全业务落地6500_HX^5329ZTCS1ESP05588449835QNTTC^^^^^^^^^^PW-W-6685-大理市新桥北（4F）全业务落地6500_HX^5329ZTCS1PSW4506RW4NZIY7^通道AZ端网元与伪线AZ端网元一致，且通道中关联伪线ID为空，且通道Z端端口和伪线端口均在业务接入点表中^0^2020-08-11 13:06:39^SYSTEM_NEW^2020-03-12 14:11:40^SYSTEM_NEW^2020-08-11 13:06:39^3033567978^^
^DNI:PW-7076-洱源县老移动（城西）6500-L2L3备_HX_6661-洱源县新移动6500-L2L3主_HX-179700^2938097781^-1820371477^^^^^^2994803321^2445293634^4854337072^^1^^5^64^^^0^0^53935982^^^2155^2155^DNI:PW-7076-洱源县老移动（城西）6500-L2L3备_HX_6661-洱源县新移动6500-L2L3主_HX-179700^5329ZTCS1ESP16722202246RXAWB^^^^^^^^^^DNI:PW-7076-洱源县老移动（城西）6500-L2L3备_HX_6661-洱源县新移动6500-L2L3主_HX-179700^5329ZTCS1PSW4506RW4NZ4A5^^0^2021-12-29 00:28:07^SYSTEM_NEW^2021-12-18 22:35:05^SYSTEM_NEW^2021-12-29 00:28:07^4854256418^^
^PW -P-8097-洱源县西山乡乾河村^-1558142797^2938097781^^^^^^-1556223742^2994803321^4854338241^^1^^5^64^^^0^0^53935982^^^2168^2168^PW -P-8097-洱源县西山乡乾河村^5329ZTCS1ESP07743184306SFKAG^^^^^^^^^^PW -P-8097-洱源县西山乡乾河村^5329ZTCS1PSW4506RW4NZ4FP^^0^2021-12-29 00:28:07^SYSTEM_NEW^2021-12-18 22:35:05^SYSTEM_NEW^2021-12-29 00:28:07^4854256419^^
^PW-W-6685-新桥北全业务落地^-1819270317^53984524^^^^^2189^-1759521807^57500174^4854314452^PW-W-6685-新桥北全业务落地^1^^5^62^^^0^0^53935982^^^1000^^PW-W-6685-新桥北全业务落地^5329ZTCS1ESP05588449835IUW2W^^^^^^^^^^PW-W-6685-新桥北全业务落地^5329ZTCS1PSW4506RW4NUN10^通道AZ端网元与伪线AZ端网元一致，且通道中关联伪线ID为空，且通道Z端端口和伪线端口均在业务接入点表中^0^2021-12-29 00:26:33^SYSTEM_NEW^2018-12-20 00:55:44^SYSTEM_NEW^2021-12-29 00:26:33^3033567981^^
^PW-W-6867-洱源县茈碧湖中前所_B^-1793102374^-1820371477^^^^^^-1792554937^2445293629^4854334337^^1^^5^64^^^0^0^53935982^^^7^7^PW-W-6867-洱源县茈碧湖中前所_B^5329ZTCS1ESP00984548294G41DZ^^^^^^^^^^PW-W-6867-洱源县茈碧湖中前所_B^5329ZTCS1PSW4506RW4NZ4QJ^^0^2021-12-29 00:28:07^SYSTEM_NEW^2021-12-18 22:35:05^SYSTEM_NEW^2021-12-29 00:28:07^4854256420^^
^PW-W-1382-大理交警支队汇聚（专线）^53985443^53996910^^^^^2189^-477642203^57982145^4854316492^PW-W-1382-大理交警支队汇聚（专线）^1^^5^62^^^0^0^53935982^^^^^PW-W-1382-大理交警支队汇聚（专线）^5329ZTCS1ESP0276432194PCE^^^^^^^^^^PW-W-1382-大理交警支队汇聚（专线）^5329ZTCS1PSW4506RW4NV23X^通道AZ端网元与伪线AZ端网元一致，且通道中关联伪线ID为空，且通道Z端端口和伪线端口均在业务接入点表中^0^2021-12-29 00:26:45^SYSTEM_NEW^2018-12-20 00:55:43^SYSTEM_NEW^2021-12-29 00:26:45^3033567983^^
^PW-W-436-洱源县凤羽6200^53976129^-1820371477^^^^^^56531086^2445293639^4854327002^^1^^5^64^^^0^0^53935982^^^80^80^PW-W-436-洱源县凤羽6200^5329ZTCS1ESP1971041910PAK^^^^^^^^^^PW-W-436-洱源县凤羽6200^5329ZTCS1PSW4506RW4NZ4RK^^0^2021-12-29 00:28:07^SYSTEM_NEW^2021-12-18 22:35:05^SYSTEM_NEW^2021-12-29 00:28:07^4854256421^^
^PW-W-8858-漾濞县蚂蝗沟微波6150_B^-1357759218^-1798907046^^^^^^-1357622442^2236717583^4854336585^^1^^5^71^^^0^0^53935982^^^2160^2160^PW-W-8858-漾濞县蚂蝗沟微波6150_B^5329ZTCS1ESP1383411958PAB^^^^^^^^^^PW-W-8858-漾濞县蚂蝗沟微波6150_B^5329ZTCS1PSW4506RW4NYPBW^^0^2021-12-29 00:28:00^SYSTEM_NEW^2021-12-18 22:35:05^SYSTEM_NEW^2021-12-29 00:28:00^4854256422^^
^2883-昭阳区铁路小区<->2749-昭阳区交警二大队指挥中心_Q^0^0^--^--^^^2158^0^0^3963254500^2883-昭阳区铁路小区<->2749-昭阳区交警二大队指挥中心_Q^1^^16^0^^^0^0^53936000^^^--^--^2883-昭阳区铁路小区<->2749-昭阳区交警二大队指挥中心_Q^5306HWCSTETPa13f1106cd144785^^^^^^^^^^2883-昭阳区铁路小区<->2749-昭阳区交警二大队指挥中心_Q^5306HWCSTPSWbf50509485f2146d^通道AZ端网元与伪线ZA端网元一致，且通道中关联伪线ID为空，且通道A端端口和伪线端口均在业务接入点表中^0^2021-06-17 12:25:21^SYSTEM_NEW^2019-10-13 22:50:26^SYSTEM_NEW^2021-06-17 12:25:21^3033568143^^
^2883-昭阳区铁路小区<->2749-昭阳区交警二大队指挥中心_Q^745430254^223484397^--^--^^^2158^-147932984^2499347450^2500688210^2883-昭阳区铁路小区<->2749-昭阳区交警二大队指挥中心_Q^1^^16^131^^^0^0^53936000^^^--^--^2883-昭阳区铁路小区<->2749-昭阳区交警二大队指挥中心_Q^5306HWCSTESP1b604fac727ad8a6^^^^^^^^^^2883-昭阳区铁路小区<->2749-昭阳区交警二大队指挥中心_Q^5306HWCSTPSWbf50509485f2146d^通道AZ端网元与伪线ZA端网元一致，且通道中关联伪线ID为空，且通道A端端口和伪线端口均在业务接入点表中^0^2020-07-21 17:39:25^SYSTEM_NEW^2019-10-13 22:50:26^SYSTEM_NEW^2020-07-21 17:39:25^3033568144^^
^2883-昭阳区铁路小区<->2749-昭阳区交警二大队指挥中心_Q^745430254^223484397^--^--^^^2158^2330367988^2499347450^2500688210^2883-昭阳区铁路小区<->2749-昭阳区交警二大队指挥中心_Q^1^^16^131^^^0^0^53936000^^^--^--^2883-昭阳区铁路小区<->2749-昭阳区交警二大队指挥中心_Q^5306HWCSTESP1b604fac727ad8a6^^^^^^^^^^2883-昭阳区铁路小区<->2749-昭阳区交警二大队指挥中心_Q^5306HWCSTPSWbf50509485f2146d^通道AZ端网元与伪线ZA端网元一致，且通道中关联伪线ID为空，且通道A端端口和伪线端口均在业务接入点表中^0^2020-07-21 17:39:25^SYSTEM_NEW^2019-10-13 22:50:26^SYSTEM_NEW^2020-07-21 17:39:25^3033568145^^
^2883-昭阳区铁路小区<->2749-昭阳区交警二大队指挥中心_Q^745430254^223484397^--^--^^^2158^-147932985^2499347450^2500688210^2883-昭阳区铁路小区<->2749-昭阳区交警二大队指挥中心_Q^1^^16^131^^^0^0^53936000^^^--^--^2883-昭阳区铁路小区<->2749-昭阳区交警二大队指挥中心_Q^5306HWCSTESP1b604fac727ad8a6^^^^^^^^^^2883-昭阳区铁路小区<->2749-昭阳区交警二大队指挥中心_Q^5306HWCSTPSWbf50509485f2146d^通道AZ端网元与伪线ZA端网元一致，且通道中关联伪线ID为空，且通道A端端口和伪线端口均在业务接入点表中^0^2020-07-21 17:39:25^SYSTEM_NEW^2019-10-13 22:50:26^SYSTEM_NEW^2020-07-21 17:39:25^3033568146^^
^2883-昭阳区铁路小区<->2749-昭阳区交警二大队指挥中心_Q^745430254^223484397^--^--^^^2158^2330367986^2499347450^2500688210^2883-昭阳区铁路小区<->2749-昭阳区交警二大队指挥中心_Q^1^^16^131^^^0^0^53936000^^^--^--^2883-昭阳区铁路小区<->2749-昭阳区交警二大队指挥中心_Q^5306HWCSTESP1b604fac727ad8a6^^^^^^^^^^2883-昭阳区铁路小区<->2749-昭阳区交警二大队指挥中心_Q^5306HWCSTPSWbf50509485f2146d^通道AZ端网元与伪线ZA端网元一致，且通道中关联伪线ID为空，且通道A端端口和伪线端口均在业务接入点表中^0^2020-07-21 17:39:25^SYSTEM_NEW^2019-10-13 22:50:26^SYSTEM_NEW^2020-07-21 17:39:25^3033568147^^
^2883-昭阳区铁路小区<->2749-昭阳区交警二大队指挥中心_Q^745430254^223484397^--^--^^^2158^2330367989^2499347450^2500688210^2883-昭阳区铁路小区<->2749-昭阳区交警二大队指挥中心_Q^1^^16^131^^^0^0^53936000^^^--^--^2883-昭阳区铁路小区<->2749-昭阳区交警二大队指挥中心_Q^5306HWCSTESP1b604fac727ad8a6^^^^^^^^^^2883-昭阳区铁路小区<->2749-昭阳区交警二大队指挥中心_Q^5306HWCSTPSWbf50509485f2146d^通道AZ端网元与伪线ZA端网元一致，且通道中关联伪线ID为空，且通道A端端口和伪线端口均在业务接入点表中^0^2020-07-21 17:39:25^SYSTEM_NEW^2019-10-13 22:50:26^SYSTEM_NEW^2020-07-21 17:39:25^3033568148^^
^2883-昭阳区铁路小区<->2749-昭阳区交警二大队指挥中心_Q^745430254^223484397^--^--^^^2158^-147932984^2499347450^2500688210^2883-昭阳区铁路小区<->2749-昭阳区交警二大队指挥中心_Q^1^^16^131^^^0^0^53936000^^^--^--^2883-昭阳区铁路小区<->2749-昭阳区交警二大队指挥中心_Q^5306HWCSTESP1b604fac727ad8a6^^^^^^^^^^2883-昭阳区铁路小区<->2749-昭阳区交警二大队指挥中心_Q^5306HWCSTPSWbf50509485f2146d^通道AZ端网元与伪线ZA端网元一致，且通道中关联伪线ID为空，且通道A端端口和伪线端口均在业务接入点表中^0^2020-07-21 17:39:25^SYSTEM_NEW^2019-10-13 22:50:26^SYSTEM_NEW^2020-07-21 17:39:25^3033568149^^
^2883-昭阳区铁路小区<->2749-昭阳区交警二大队指挥中心_Q^745430254^223484397^--^--^^^2158^2330367991^2499347450^2500688210^2883-昭阳区铁路小区<->2749-昭阳区交警二大队指挥中心_Q^1^^16^131^^^0^0^53936000^^^--^--^2883-昭阳区铁路小区<->2749-昭阳区交警二大队指挥中心_Q^5306HWCSTESP1b604fac727ad8a6^^^^^^^^^^2883-昭阳区铁路小区<->2749-昭阳区交警二大队指挥中心_Q^5306HWCSTPSWbf50509485f2146d^通道AZ端网元与伪线ZA端网元一致，且通道中关联伪线ID为空，且通道A端端口和伪线端口均在业务接入点表中^0^2020-07-21 17:39:25^SYSTEM_NEW^2019-10-13 22:50:26^SYSTEM_NEW^2020-07-21 17:39:25^3033568150^^
^2883-昭阳区铁路小区<->2749-昭阳区交警二大队指挥中心_Q^745430254^223484397^--^--^^^2158^-147932983^2499347450^2500688210^2883-昭阳区铁路小区<->2749-昭阳区交警二大队指挥中心_Q^1^^16^131^^^0^0^53936000^^^--^--^2883-昭阳区铁路小区<->2749-昭阳区交警二大队指挥中心_Q^5306HWCSTESP1b604fac727ad8a6^^^^^^^^^^2883-昭阳区铁路小区<->2749-昭阳区交警二大队指挥中心_Q^5306HWCSTPSWbf50509485f2146d^通道AZ端网元与伪线ZA端网元一致，且通道中关联伪线ID为空，且通道A端端口和伪线端口均在业务接入点表中^0^2020-07-21 17:39:25^SYSTEM_NEW^2019-10-13 22:50:26^SYSTEM_NEW^2020-07-21 17:39:25^3033568151^^
^2883-昭阳区铁路小区<->2749-昭阳区交警二大队指挥中心_Q^745430254^223484397^--^--^^^2158^2330367987^2499347450^2500688210^2883-昭阳区铁路小区<->2749-昭阳区交警二大队指挥中心_Q^1^^16^131^^^0^0^53936000^^^--^--^2883-昭阳区铁路小区<->2749-昭阳区交警二大队指挥中心_Q^5306HWCSTESP1b604fac727ad8a6^^^^^^^^^^2883-昭阳区铁路小区<->2749-昭阳区交警二大队指挥中心_Q^5306HWCSTPSWbf50509485f2146d^通道AZ端网元与伪线ZA端网元一致，且通道中关联伪线ID为空，且通道A端端口和伪线端口均在业务接入点表中^0^2020-07-21 17:39:25^SYSTEM_NEW^2019-10-13 22:50:26^SYSTEM_NEW^2020-07-21 17:39:25^3033568152^^
^PW-全业务-3179-文山市迷洒村委会6220^-1770164841^228146050^^^^^2226^-1389746818^-2019697764^4808458621^PW-全业务-3179-文山市迷洒村委会6220^1^^9^118^^^0^0^53935988^^^^^PW-全业务-3179-文山市迷洒村委会6220^5326ZTCS1ESP0413339855PA8^^^^^^^^^^PW-全业务-3179-文山市迷洒村委会6220^5326ZTCS1PSW453WAFCEUXFK^通道AZ端网元与伪线AZ端网元一致，且通道中关联伪线ID为空，且通道Z端端口和伪线端口均在业务接入点表中^0^2021-12-27 06:03:07^SYSTEM_NEW^2018-12-20 06:08:15^SYSTEM_NEW^2021-12-27 06:03:07^3033568312^^
^PW-全业务-3179-文山市迷洒村委会6220^-1770164841^228146050^^^^^2226^-1375670253^-2019697762^-576276400^PW-全业务-3179-文山市迷洒村委会6220^1^^9^118^^^0^0^53935988^^^^^PW-全业务-3179-文山市迷洒村委会6220^5326ZTCS1ESP0413339855PA8^^^^^^^^^^PW-全业务-3179-文山市迷洒村委会6220^5326ZTCS1PSW453WAFCEUXFK^通道AZ端网元与伪线AZ端网元一致，且通道中关联伪线ID为空，且通道Z端端口和伪线端口均在业务接入点表中^0^2020-07-21 16:04:00^SYSTEM_NEW^2018-12-20 06:08:15^SYSTEM_NEW^2020-07-21 16:04:00^3033568313^^
^PW-全业务-EVPTREE-江城县康平镇政府（政法委）数据专线^-1357772963^-1992880251^^^^^2199^-1357767511^-1991944751^4807952242^PW-全业务-EVPTREE-江城县康平镇政府（政法委）数据专线^1^^4^52^^^0^0^53935986^^^^1030^PW-全业务-EVPTREE-江城县康平镇政府（政法委）数据专线^5308ZTCS1ESP1068289694PA8^^^^^^^^^^PW-全业务-EVPTREE-江城县康平镇政府（政法委）数据专线^5308ZTCS1PSW44WHOXDHIR10^通道AZ端网元与伪线AZ端网元一致，且通道中关联伪线ID为空，且通道Z端端口和伪线端口均在业务接入点表中^0^2021-12-27 04:41:47^SYSTEM_NEW^2018-12-20 04:46:12^SYSTEM_NEW^2021-12-27 04:41:47^3033568314^^
^PW-全业务-EVPTREE-宁洱县八千方政法委专线^-1365465500^54019448^^^^^2252^-926670212^-1767631681^4807935525^PW-全业务-EVPTREE-宁洱县八千方政法委专线^1^^4^51^^^0^0^53935986^^^88^88^PW-全业务-EVPTREE-宁洱县八千方政法委专线^5308ZTCS1ESP13619123534FVLZ5^^^^^^^^^^PW-全业务-EVPTREE-宁洱县八千方政法委专线^5308ZTCS1PSW44WHOXDHIRAX^通道AZ端网元与伪线AZ端网元一致，且通道中关联伪线ID为空，且通道Z端端口和伪线端口均在业务接入点表中^0^2021-12-27 04:41:47^SYSTEM_NEW^2018-12-20 04:46:12^SYSTEM_NEW^2021-12-27 04:41:47^3033568315^^
^PW-全业务-EVPTREE-宁洱县八千方政法委专线^-1365465500^54019448^^^^^2252^-1364215152^-1767631679^-576942332^PW-全业务-EVPTREE-宁洱县八千方政法委专线^1^^4^51^^^0^0^53935986^^^88^88^PW-全业务-EVPTREE-宁洱县八千方政法委专线^5308ZTCS1ESP13619123534FVLZ5^^^^^^^^^^PW-全业务-EVPTREE-宁洱县八千方政法委专线^5308ZTCS1PSW44WHOXDHIRAX^通道AZ端网元与伪线AZ端网元一致，且通道中关联伪线ID为空，且通道Z端端口和伪线端口均在业务接入点表中^0^2020-07-21 15:27:57^SYSTEM_NEW^2018-12-20 04:46:12^SYSTEM_NEW^2020-07-21 15:27:57^3033568316^^
^PW-全业务-EVPTREE-景东小龙街政法委专线 vlan=1044^-1361011170^53969250^^^^^2009^-1359836269^-1766496787^4807960801^PW-全业务-EVPTREE-景东小龙街政法委专线 vlan=1044^1^^4^53^^^0^0^53935986^^^^1044^PW-全业务-EVPTREE-景东小龙街政法委专线 vlan=1044^5308ZTCS1ESP0549025564PA8^^^^^^^^^^PW-全业务-EVPTREE-景东小龙街政法委专线 vlan=1044^5308ZTCS1PSW44WHOXDHITPY^通道AZ端网元与伪线AZ端网元一致，且通道中关联伪线ID为空，且通道Z端端口和伪线端口均在业务接入点表中^0^2021-12-27 04:42:19^SYSTEM_NEW^2018-12-20 04:46:16^SYSTEM_NEW^2021-12-27 04:42:19^3033568317^^
^PW-全业务-EVPTREE-镇沅田坝政法委专线 vlan=88^-1365465500^53936362^^^^^2252^-926670212^-1634233833^2776155818^PW-全业务-EVPTREE-镇沅田坝政法委专线 vlan=88^1^^4^51^^^0^0^53935986^^^88^88^PW-全业务-EVPTREE-镇沅田坝政法委专线 vlan=88^5308ZTCS1ESP13619123534FVLZ5^^^^^^^^^^PW-全业务-EVPTREE-镇沅田坝政法委专线 vlan=88^5308ZTCS1PSW44WHOXDHIRD9^通道AZ端网元与伪线AZ端网元一致，且通道中关联伪线ID为空，且通道Z端端口和伪线端口均在业务接入点表中^0^2020-08-11 15:31:43^SYSTEM_NEW^2018-12-20 04:46:14^SYSTEM_NEW^2020-08-11 15:31:43^3033568318^^
^PW-全业务-EVPTREE-镇沅田坝政法委专线 vlan=88^-1365465500^53936362^^^^^2252^-1364215154^-1634233832^2776155818^PW-全业务-EVPTREE-镇沅田坝政法委专线 vlan=88^1^^4^51^^^0^0^53935986^^^88^88^PW-全业务-EVPTREE-镇沅田坝政法委专线 vlan=88^5308ZTCS1ESP13619123534FVLZ5^^^^^^^^^^PW-全业务-EVPTREE-镇沅田坝政法委专线 vlan=88^5308ZTCS1PSW44WHOXDHIRD9^通道AZ端网元与伪线AZ端网元一致，且通道中关联伪线ID为空，且通道Z端端口和伪线端口均在业务接入点表中^0^2020-07-21 15:28:07^SYSTEM_NEW^2018-12-20 04:46:14^SYSTEM_NEW^2020-07-21 15:28:07^3033568319^^
^PW-全业务-EVPTREE-镇沅田坝政法委专线 vlan=88^-1365465500^53936362^^^^^2252^-1364215164^-1634233832^2776155818^PW-全业务-EVPTREE-镇沅田坝政法委专线 vlan=88^1^^4^51^^^0^0^53935986^^^88^88^PW-全业务-EVPTREE-镇沅田坝政法委专线 vlan=88^5308ZTCS1ESP13619123534FVLZ5^^^^^^^^^^PW-全业务-EVPTREE-镇沅田坝政法委专线 vlan=88^5308ZTCS1PSW44WHOXDHIRD9^通道AZ端网元与伪线AZ端网元一致，且通道中关联伪线ID为空，且通道Z端端口和伪线端口均在业务接入点表中^0^2020-07-21 15:28:07^SYSTEM_NEW^2018-12-20 04:46:14^SYSTEM_NEW^2020-07-21 15:28:07^3033568320^^
^PW-全业务-EVPTREE-镇沅田坝政法委专线 vlan=88^-1365465500^53936362^^^^^2252^-1364215154^-1634233831^2776155818^PW-全业务-EVPTREE-镇沅田坝政法委专线 vlan=88^1^^4^51^^^0^0^53935986^^^88^88^PW-全业务-EVPTREE-镇沅田坝政法委专线 vlan=88^5308ZTCS1ESP13619123534FVLZ5^^^^^^^^^^PW-全业务-EVPTREE-镇沅田坝政法委专线 vlan=88^5308ZTCS1PSW44WHOXDHIRD9^通道AZ端网元与伪线AZ端网元一致，且通道中关联伪线ID为空，且通道Z端端口和伪线端口均在业务接入点表中^0^2020-07-21 15:28:07^SYSTEM_NEW^2018-12-20 04:46:14^SYSTEM_NEW^2020-07-21 15:28:07^3033568321^^
^PW-全业务-EVPTREE-镇沅田坝政法委专线 vlan=88^-1365465500^53936362^^^^^2252^-1364215154^-1634233830^2776155818^PW-全业务-EVPTREE-镇沅田坝政法委专线 vlan=88^1^^4^51^^^0^0^53935986^^^88^88^PW-全业务-EVPTREE-镇沅田坝政法委专线 vlan=88^5308ZTCS1ESP13619123534FVLZ5^^^^^^^^^^PW-全业务-EVPTREE-镇沅田坝政法委专线 vlan=88^5308ZTCS1PSW44WHOXDHIRD9^通道AZ端网元与伪线AZ端网元一致，且通道中关联伪线ID为空，且通道Z端端口和伪线端口均在业务接入点表中^0^2020-07-21 15:28:07^SYSTEM_NEW^2018-12-20 04:46:14^SYSTEM_NEW^2020-07-21 15:28:07^3033568322^^
^师宗县五龙供电所4M数据专线-VC^-146283954^53994148^--^--^^^2262^-146280331^-1841052798^3959007783^师宗县五龙供电所4M数据专线-VC^1^^7^90^^^-146280488^-602438081^53935999^^^--^100^师宗县五龙供电所4M数据专线-VC^5303FHCS1ESP50000000000114WV^^^^^^^^^^师宗县五龙供电所4M数据专线-VC^5303FHCS1PSW3W000000008LTVZY^通道AZ端网元与伪线AZ端网元一致，且通道中关联伪线ID为空，且通道Z端端口和伪线端口均在业务接入点表中^0^2021-10-24 07:34:44^SYSTEM_NEW^2019-11-06 10:01:57^SYSTEM_NEW^2021-10-24 07:34:44^3033567984^^
^PW -P-4451-漾濞县太平独田岩子社_B^270777047^-1767672446^^^^^^270798858^2236717595^4854316286^^1^^5^71^^^0^0^53935982^^^25^25^PW -P-4451-漾濞县太平独田岩子社_B^5329ZTCS1ESP0162779265PAS^^^^^^^^^^PW -P-4451-漾濞县太平独田岩子社_B^5329ZTCS1PSW4506RW4NYPDH^^0^2021-12-29 00:28:00^SYSTEM_NEW^2021-12-18 22:35:05^SYSTEM_NEW^2021-12-29 00:28:00^4854256423^^
^PW-W-9206-漾濞县电力公司_B^-844573864^-1798907046^^^^^^-842161494^2236717585^4854331231^^1^^5^71^^^0^0^53935982^^^169^169^PW-W-9206-漾濞县电力公司_B^5329ZTCS1ESP09683399434MFLIH^^^^^^^^^^PW-W-9206-漾濞县电力公司_B^5329ZTCS1PSW4506RW4NYPFK^^0^2021-12-29 00:28:00^SYSTEM_NEW^2021-12-18 22:35:05^SYSTEM_NEW^2021-12-29 00:28:00^4854256424^^
^PW -P-9286-漾濞县河西车站_B^-692399996^-1767672446^^^^^^-649136913^2236717580^4854331232^^1^^5^71^^^0^0^53935982^^^2174^2174^PW -P-9286-漾濞县河西车站_B^5329ZTCS1ESP06091272016SNZPA^^^^^^^^^^PW -P-9286-漾濞县河西车站_B^5329ZTCS1PSW4506RW4NYPH2^^0^2021-12-29 00:28:00^SYSTEM_NEW^2021-12-18 22:35:05^SYSTEM_NEW^2021-12-29 00:28:00^4854256425^^
^PW-全业务-EVPTREE-镇沅县文广政法委专线 vlan=88^-1365465500^144868149^^^^^2252^-926670212^145136606^4807956534^PW-全业务-EVPTREE-镇沅县文广政法委专线 vlan=88^1^^4^51^^^0^0^53935986^^^88^88^PW-全业务-EVPTREE-镇沅县文广政法委专线 vlan=88^5308ZTCS1ESP13619123534FVLZ5^^^^^^^^^^PW-全业务-EVPTREE-镇沅县文广政法委专线 vlan=88^5308ZTCS1PSW44WHOXDHIR6P^通道AZ端网元与伪线AZ端网元一致，且通道中关联伪线ID为空，且通道Z端端口和伪线端口均在业务接入点表中^0^2021-12-27 04:42:00^SYSTEM_NEW^2018-12-20 04:46:07^SYSTEM_NEW^2021-12-27 04:42:00^3033567988^^
^PW-全业务-3135-文山市庄子田丫口6220_B^-1770164841^221915959^^^^^2226^-1389746818^225882820^4808443322^PW-全业务-3135-文山市庄子田丫口6220_B^1^^9^118^^^0^0^53935988^^^^^PW-全业务-3135-文山市庄子田丫口6220_B^5326ZTCS1ESP0413339855PA8^^^^^^^^^^PW-全业务-3135-文山市庄子田丫口6220_B^5326ZTCS1PSW453WAFCEUXFJ^通道AZ端网元与伪线AZ端网元一致，且通道中关联伪线ID为空，且通道Z端端口和伪线端口均在业务接入点表中^0^2021-12-27 06:04:30^SYSTEM_NEW^2018-12-20 06:08:09^SYSTEM_NEW^2021-12-27 06:04:30^3033567989^^
^PW-全业务-3135-文山市庄子田丫口6220_B^-1770164841^221915959^^^^^2226^-1375670253^225882822^-576266493^PW-全业务-3135-文山市庄子田丫口6220_B^1^^9^118^^^0^0^53935988^^^^^PW-全业务-3135-文山市庄子田丫口6220_B^5326ZTCS1ESP0413339855PA8^^^^^^^^^^PW-全业务-3135-文山市庄子田丫口6220_B^5326ZTCS1PSW453WAFCEUXFJ^通道AZ端网元与伪线AZ端网元一致，且通道中关联伪线ID为空，且通道Z端端口和伪线端口均在业务接入点表中^0^2020-07-21 16:03:45^SYSTEM_NEW^2018-12-20 06:08:09^SYSTEM_NEW^2020-07-21 16:03:45^3033567990^^
^PW-集客专线-6886-祥云新移动6500-4218-祥云楚场^-1791958275^230123814^^^^^2124^-1789653203^230358996^4854313837^PW-集客专线-6886-祥云新移动6500-4218-祥云楚场^1^^5^70^^^0^0^53935982^^^^^PW-集客专线-6886-祥云新移动6500-4218-祥云楚场^5329ZTCS1ESP2045886373PA8^^^^^^^^^^PW-集客专线-6886-祥云新移动6500-4218-祥云楚场^5329ZTCS1PSW4506RW4NV8S9^通道AZ端网元与伪线AZ端网元一致，且通道中关联伪线ID为空，且通道Z端端口和伪线端口均在业务接入点表中^0^2021-12-29 00:26:38^SYSTEM_NEW^2018-12-20 00:55:48^SYSTEM_NEW^2021-12-29 00:26:38^3033567991^^
^PW-全业务-3209-文山市红旗林场拉远6220^-1770164841^232850199^^^^^2226^-1389746818^232865194^4808459325^PW-全业务-3209-文山市红旗林场拉远6220^1^^9^118^^^0^0^53935988^^^^^PW-全业务-3209-文山市红旗林场拉远6220^5326ZTCS1ESP0413339855PA8^^^^^^^^^^PW-全业务-3209-文山市红旗林场拉远6220^5326ZTCS1PSW453WAFCEUXFN^通道AZ端网元与伪线AZ端网元一致，且通道中关联伪线ID为空，且通道Z端端口和伪线端口均在业务接入点表中^0^2021-12-27 06:04:09^SYSTEM_NEW^2018-12-20 06:08:08^SYSTEM_NEW^2021-12-27 06:04:09^3033567992^^
^W:PW-10807-红河州弥勒县政务服务大厅6110_4761-弥勒农业银行-388911^-122980163^243964795^^^^^2081^-122978602^244543329^-121909777^W:PW-10807-红河州弥勒县政务服务大厅6110_4761-弥勒农业银行-388911^1^^10^32^^^0^0^53935998^^^^^W:PW-10807-红河州弥勒县政务服务大厅6110_4761-弥勒农业银行-388911^5325ZTCS1ESP0706730686PAA^^^^^^^^^^W:PW-10807-红河州弥勒县政务服务大厅6110_4761-弥勒农业银行-388911^5325ZTCS1PSW446GZWG1L0ZG^通道AZ端网元与伪线AZ端网元一致，且通道中关联伪线ID为空，且通道Z端端口和伪线端口均在业务接入点表中^0^2020-07-21 14:10:52^SYSTEM_NEW^2019-07-06 14:36:08^SYSTEM_NEW^2020-07-21 14:10:52^3033567993^^
^PW-W-6685-大理市新桥北（4F）全业务落地6500_HX^-1819270317^219856004^^^^^^-1807274086^219980612^4854310057^^1^^5^62^^^0^0^53935982^^^^^PW-W-6685-大理市新桥北（4F）全业务落地6500_HX^5329ZTCS1ESP0403406357PA8^^^^^^^^^^PW-W-6685-大理市新桥北（4F）全业务落地6500_HX^5329ZTCS1PSW4506RW4NYPNY^^0^2021-12-29 00:28:00^SYSTEM_NEW^2021-12-18 22:35:05^SYSTEM_NEW^2021-12-29 00:28:00^4854256426^^
^PW-W-6685-大理市新桥北（4F）全业务落地6500_HX^-1819270317^53995843^^^^^^-1807274086^57902778^4854336587^^1^^5^62^^^0^0^53935982^^^^^PW-W-6685-大理市新桥北（4F）全业务落地6500_HX^5329ZTCS1ESP0403406357PA8^^^^^^^^^^PW-W-6685-大理市新桥北（4F）全业务落地6500_HX^5329ZTCS1PSW4506RW4NYPZP^^0^2021-12-29 00:28:00^SYSTEM_NEW^2021-12-18 22:35:05^SYSTEM_NEW^2021-12-29 00:28:00^4854256427^^
^PW -P-1214-巍山县庙街银河祖房箐_B^53983888^-1747003071^^^^^^57480766^2186715487^4854326581^^1^^5^69^^^0^0^53935982^^^2164^2164^PW -P-1214-巍山县庙街银河祖房箐_B^5329ZTCS1ESP1165227962PAI^^^^^^^^^^PW -P-1214-巍山县庙街银河祖房箐_B^5329ZTCS1PSW4506RW4NYQ5T^^0^2021-12-29 00:28:00^SYSTEM_NEW^2021-12-18 22:35:05^SYSTEM_NEW^2021-12-29 00:28:00^4854256428^^
^PW -P-9876-南涧县安定左所_B^2297732846^-1714349755^^^^^^2297796011^-50711408^4854328957^^1^^5^68^^^0^0^53935982^^^2157^2157^PW -P-9876-南涧县安定左所_B^5329ZTCS1ESP09267189196S0419^^^^^^^^^^PW -P-9876-南涧县安定左所_B^5329ZTCS1PSW4506RW4NYQSF^^0^2021-12-29 00:28:05^SYSTEM_NEW^2021-12-18 22:35:05^SYSTEM_NEW^2021-12-29 00:28:05^4854256429^^
^2883-昭阳区铁路小区<->2749-昭阳区交警二大队指挥中心_Q^745430254^223484397^--^--^^^2158^-147932985^2499347450^2500688210^2883-昭阳区铁路小区<->2749-昭阳区交警二大队指挥中心_Q^1^^16^131^^^0^0^53936000^^^--^--^2883-昭阳区铁路小区<->2749-昭阳区交警二大队指挥中心_Q^5306HWCSTESP1b604fac727ad8a6^^^^^^^^^^2883-昭阳区铁路小区<->2749-昭阳区交警二大队指挥中心_Q^5306HWCSTPSWbf50509485f2146d^通道AZ端网元与伪线ZA端网元一致，且通道中关联伪线ID为空，且通道Z端端口和伪线端口均在业务接入点表中^0^2020-07-21 17:39:25^SYSTEM_NEW^2019-10-13 22:50:26^SYSTEM_NEW^2020-07-21 17:39:25^3033568153^^
^2883-昭阳区铁路小区<->2749-昭阳区交警二大队指挥中心_Q^745430254^223484397^--^--^^^2158^-147932984^2499347450^2500688210^2883-昭阳区铁路小区<->2749-昭阳区交警二大队指挥中心_Q^1^^16^131^^^0^0^53936000^^^--^--^2883-昭阳区铁路小区<->2749-昭阳区交警二大队指挥中心_Q^5306HWCSTESP1b604fac727ad8a6^^^^^^^^^^2883-昭阳区铁路小区<->2749-昭阳区交警二大队指挥中心_Q^5306HWCSTPSWbf50509485f2146d^通道AZ端网元与伪线ZA端网元一致，且通道中关联伪线ID为空，且通道Z端端口和伪线端口均在业务接入点表中^0^2020-07-21 17:39:25^SYSTEM_NEW^2019-10-13 22:50:26^SYSTEM_NEW^2020-07-21 17:39:25^3033568154^^
^2883-昭阳区铁路小区<->2749-昭阳区交警二大队指挥中心_Q^745430254^223484397^--^--^^^2158^-147932984^2499347450^2500688210^2883-昭阳区铁路小区<->2749-昭阳区交警二大队指挥中心_Q^1^^16^131^^^0^0^53936000^^^--^--^2883-昭阳区铁路小区<->2749-昭阳区交警二大队指挥中心_Q^5306HWCSTESP1b604fac727ad8a6^^^^^^^^^^2883-昭阳区铁路小区<->2749-昭阳区交警二大队指挥中心_Q^5306HWCSTPSWbf50509485f2146d^通道AZ端网元与伪线ZA端网元一致，且通道中关联伪线ID为空，且通道Z端端口和伪线端口均在业务接入点表中^0^2020-07-21 17:39:25^SYSTEM_NEW^2019-10-13 22:50:26^SYSTEM_NEW^2020-07-21 17:39:25^3033568155^^
^2883-昭阳区铁路小区<->2749-昭阳区交警二大队指挥中心_Q^745430254^223484397^--^--^^^2158^-147932983^2499347450^2500688210^2883-昭阳区铁路小区<->2749-昭阳区交警二大队指挥中心_Q^1^^16^131^^^0^0^53936000^^^--^--^2883-昭阳区铁路小区<->2749-昭阳区交警二大队指挥中心_Q^5306HWCSTESP1b604fac727ad8a6^^^^^^^^^^2883-昭阳区铁路小区<->2749-昭阳区交警二大队指挥中心_Q^5306HWCSTPSWbf50509485f2146d^通道AZ端网元与伪线ZA端网元一致，且通道中关联伪线ID为空，且通道Z端端口和伪线端口均在业务接入点表中^0^2020-07-21 17:39:25^SYSTEM_NEW^2019-10-13 22:50:26^SYSTEM_NEW^2020-07-21 17:39:25^3033568156^^
^2883-昭阳区铁路小区<->2749-昭阳区交警二大队指挥中心_Q^745430254^223484397^--^--^^^2158^2330367986^2499347450^2500688210^2883-昭阳区铁路小区<->2749-昭阳区交警二大队指挥中心_Q^1^^16^131^^^0^0^53936000^^^--^--^2883-昭阳区铁路小区<->2749-昭阳区交警二大队指挥中心_Q^5306HWCSTESP1b604fac727ad8a6^^^^^^^^^^2883-昭阳区铁路小区<->2749-昭阳区交警二大队指挥中心_Q^5306HWCSTPSWbf50509485f2146d^通道AZ端网元与伪线ZA端网元一致，且通道中关联伪线ID为空，且通道Z端端口和伪线端口均在业务接入点表中^0^2020-07-21 17:39:25^SYSTEM_NEW^2019-10-13 22:50:26^SYSTEM_NEW^2020-07-21 17:39:25^3033568157^^
^2883-昭阳区铁路小区<->2749-昭阳区交警二大队指挥中心_Q^745430254^223484397^--^--^^^2158^2330367987^2499347450^2500688210^2883-昭阳区铁路小区<->2749-昭阳区交警二大队指挥中心_Q^1^^16^131^^^0^0^53936000^^^--^--^2883-昭阳区铁路小区<->2749-昭阳区交警二大队指挥中心_Q^5306HWCSTESP1b604fac727ad8a6^^^^^^^^^^2883-昭阳区铁路小区<->2749-昭阳区交警二大队指挥中心_Q^5306HWCSTPSWbf50509485f2146d^通道AZ端网元与伪线ZA端网元一致，且通道中关联伪线ID为空，且通道Z端端口和伪线端口均在业务接入点表中^0^2020-07-21 17:39:25^SYSTEM_NEW^2019-10-13 22:50:26^SYSTEM_NEW^2020-07-21 17:39:25^3033568158^^
^2883-昭阳区铁路小区<->2749-昭阳区交警二大队指挥中心_Q^745430254^223484397^--^--^^^2158^2330367988^2499347450^2500688210^2883-昭阳区铁路小区<->2749-昭阳区交警二大队指挥中心_Q^1^^16^131^^^0^0^53936000^^^--^--^2883-昭阳区铁路小区<->2749-昭阳区交警二大队指挥中心_Q^5306HWCSTESP1b604fac727ad8a6^^^^^^^^^^2883-昭阳区铁路小区<->2749-昭阳区交警二大队指挥中心_Q^5306HWCSTPSWbf50509485f2146d^通道AZ端网元与伪线ZA端网元一致，且通道中关联伪线ID为空，且通道Z端端口和伪线端口均在业务接入点表中^0^2020-07-21 17:39:25^SYSTEM_NEW^2019-10-13 22:50:26^SYSTEM_NEW^2020-07-21 17:39:25^3033568159^^
^2883-昭阳区铁路小区<->2749-昭阳区交警二大队指挥中心_Q^745430254^223484397^--^--^^^2158^2330367989^2499347450^2500688210^2883-昭阳区铁路小区<->2749-昭阳区交警二大队指挥中心_Q^1^^16^131^^^0^0^53936000^^^--^--^2883-昭阳区铁路小区<->2749-昭阳区交警二大队指挥中心_Q^5306HWCSTESP1b604fac727ad8a6^^^^^^^^^^2883-昭阳区铁路小区<->2749-昭阳区交警二大队指挥中心_Q^5306HWCSTPSWbf50509485f2146d^通道AZ端网元与伪线ZA端网元一致，且通道中关联伪线ID为空，且通道Z端端口和伪线端口均在业务接入点表中^0^2020-07-21 17:39:25^SYSTEM_NEW^2019-10-13 22:50:26^SYSTEM_NEW^2020-07-21 17:39:25^3033568160^^
^2883-昭阳区铁路小区<->2749-昭阳区交警二大队指挥中心_Q^745430254^223484397^--^--^^^2158^2330367990^2499347450^2500688210^2883-昭阳区铁路小区<->2749-昭阳区交警二大队指挥中心_Q^1^^16^131^^^0^0^53936000^^^--^--^2883-昭阳区铁路小区<->2749-昭阳区交警二大队指挥中心_Q^5306HWCSTESP1b604fac727ad8a6^^^^^^^^^^2883-昭阳区铁路小区<->2749-昭阳区交警二大队指挥中心_Q^5306HWCSTPSWbf50509485f2146d^通道AZ端网元与伪线ZA端网元一致，且通道中关联伪线ID为空，且通道Z端端口和伪线端口均在业务接入点表中^0^2020-07-21 17:39:25^SYSTEM_NEW^2019-10-13 22:50:26^SYSTEM_NEW^2020-07-21 17:39:25^3033568161^^
^2883-昭阳区铁路小区<->2749-昭阳区交警二大队指挥中心_Q^745430254^223484397^--^--^^^2158^2330367991^2499347450^2500688210^2883-昭阳区铁路小区<->2749-昭阳区交警二大队指挥中心_Q^1^^16^131^^^0^0^53936000^^^--^--^2883-昭阳区铁路小区<->2749-昭阳区交警二大队指挥中心_Q^5306HWCSTESP1b604fac727ad8a6^^^^^^^^^^2883-昭阳区铁路小区<->2749-昭阳区交警二大队指挥中心_Q^5306HWCSTPSWbf50509485f2146d^通道AZ端网元与伪线ZA端网元一致，且通道中关联伪线ID为空，且通道Z端端口和伪线端口均在业务接入点表中^0^2020-07-21 17:39:25^SYSTEM_NEW^2019-10-13 22:50:26^SYSTEM_NEW^2020-07-21 17:39:25^3033568162^^
^PW-W-8050-鹤庆县黄坪镇定光村_B^-1562981773^-1872825696^^^^^^-1562471862^2341620098^4854322792^^1^^5^65^^^0^0^53935982^^^166^166^PW-W-8050-鹤庆县黄坪镇定光村_B^5329ZTCS1ESP19253796854MBDT2^^^^^^^^^^PW-W-8050-鹤庆县黄坪镇定光村_B^5329ZTCS1PSW4506RW4NYV0A^^0^2021-12-29 00:27:22^SYSTEM_NEW^2021-12-18 22:35:05^SYSTEM_NEW^2021-12-29 00:27:22^4854256566^^
^PW -P-8066-鹤庆县龙开口镇白士荡1易地搬迁_B^-1561433457^-1872825676^^^^^^-1560778590^2341620065^4854327789^^1^^5^65^^^0^0^53935982^^^168^168^PW -P-8066-鹤庆县龙开口镇白士荡1易地搬迁_B^5329ZTCS1ESP17878713604ME6Y0^^^^^^^^^^PW -P-8066-鹤庆县龙开口镇白士荡1易地搬迁_B^5329ZTCS1PSW4506RW4NYV0R^^0^2021-12-29 00:27:19^SYSTEM_NEW^2021-12-18 22:35:05^SYSTEM_NEW^2021-12-29 00:27:19^4854256567^^
^PW-W-7941-大理市颐园补点2_B^-1570701699^-1819270317^^^^^^-1570472757^-1813216110^4854326491^^1^^5^62^^^0^0^53935982^^^^3426^PW-W-7941-大理市颐园补点2_B^5329ZTCS1ESP0815111007PA8^^^^^^^^^^PW-W-7941-大理市颐园补点2_B^5329ZTCS1PSW4506RW4NYV1W^^0^2021-12-29 00:27:19^SYSTEM_NEW^2021-12-18 22:35:05^SYSTEM_NEW^2021-12-29 00:27:19^4854256568^^
^PW-全业务-7139-隆阳区市交警支队_Q-1805^-900939076^-1586373658^^^^^^2721728235^-1567871531^3960462902^PW-全业务-7139-隆阳区市交警支队_Q-1805^1^^8^93^^^0^0^53935997^^^103^^PW-全业务-7139-隆阳区市交警支队_Q-1805^5305ZTCS1ESP0525904005PDB^^^^^^^^^^PW-全业务-7139-隆阳区市交警支队_Q-1805^5305ZTCS1PSW44WIN9567ECF^通道AZ端网元与伪线AZ端网元一致，且通道中关联伪线ID为空，且通道Z端端口和伪线端口均在业务接入点表中^0^2021-12-28 16:59:03^SYSTEM_NEW^2020-06-03 11:47:21^SYSTEM_NEW^2021-12-28 16:59:03^3033568326^^
^PW-全业务-7139-隆阳区市交警支队_Q-1805^-900939076^-1586373658^^^^^^-897647636^-1567871521^-578415290^PW-全业务-7139-隆阳区市交警支队_Q-1805^1^^8^93^^^0^0^53935997^^^103^^PW-全业务-7139-隆阳区市交警支队_Q-1805^5305ZTCS1ESP0525904005PDB^^^^^^^^^^PW-全业务-7139-隆阳区市交警支队_Q-1805^5305ZTCS1PSW44WIN9567ECF^通道AZ端网元与伪线AZ端网元一致，且通道中关联伪线ID为空，且通道Z端端口和伪线端口均在业务接入点表中^0^2020-07-21 11:50:51^SYSTEM_NEW^2020-06-03 11:47:21^SYSTEM_NEW^2020-07-21 11:50:51^3033568327^^
^PW-全业务-7139-隆阳区市交警支队_Q-1805^-900939076^-1586373658^^^^^^-897647636^-1567871520^-578415290^PW-全业务-7139-隆阳区市交警支队_Q-1805^1^^8^93^^^0^0^53935997^^^103^^PW-全业务-7139-隆阳区市交警支队_Q-1805^5305ZTCS1ESP0525904005PDB^^^^^^^^^^PW-全业务-7139-隆阳区市交警支队_Q-1805^5305ZTCS1PSW44WIN9567ECF^通道AZ端网元与伪线AZ端网元一致，且通道中关联伪线ID为空，且通道Z端端口和伪线端口均在业务接入点表中^0^2020-07-21 11:50:51^SYSTEM_NEW^2020-06-03 11:47:21^SYSTEM_NEW^2020-07-21 11:50:51^3033568328^^
^PW-全业务-7139-隆阳区市交警支队_Q-1805^-900939076^-1586373658^^^^^^-897647636^-1567871519^-578415290^PW-全业务-7139-隆阳区市交警支队_Q-1805^1^^8^93^^^0^0^53935997^^^103^^PW-全业务-7139-隆阳区市交警支队_Q-1805^5305ZTCS1ESP0525904005PDB^^^^^^^^^^PW-全业务-7139-隆阳区市交警支队_Q-1805^5305ZTCS1PSW44WIN9567ECF^通道AZ端网元与伪线AZ端网元一致，且通道中关联伪线ID为空，且通道Z端端口和伪线端口均在业务接入点表中^0^2020-07-21 11:50:51^SYSTEM_NEW^2020-06-03 11:47:21^SYSTEM_NEW^2020-07-21 11:50:51^3033568329^^
^PW-全业务-7139-隆阳区市交警支队_Q-1805^-900939076^-1586373658^^^^^^-897647636^-1567871518^-578415290^PW-全业务-7139-隆阳区市交警支队_Q-1805^1^^8^93^^^0^0^53935997^^^103^^PW-全业务-7139-隆阳区市交警支队_Q-1805^5305ZTCS1ESP0525904005PDB^^^^^^^^^^PW-全业务-7139-隆阳区市交警支队_Q-1805^5305ZTCS1PSW44WIN9567ECF^通道AZ端网元与伪线AZ端网元一致，且通道中关联伪线ID为空，且通道Z端端口和伪线端口均在业务接入点表中^0^2020-07-21 11:50:51^SYSTEM_NEW^2020-06-03 11:47:21^SYSTEM_NEW^2020-07-21 11:50:51^3033568330^^
^PW-全业务-7139-隆阳区市交警支队_Q-1805^-900939076^-1586373658^^^^^^-897647636^-1567871518^-578415290^PW-全业务-7139-隆阳区市交警支队_Q-1805^1^^8^93^^^0^0^53935997^^^103^^PW-全业务-7139-隆阳区市交警支队_Q-1805^5305ZTCS1ESP0525904005PDB^^^^^^^^^^PW-全业务-7139-隆阳区市交警支队_Q-1805^5305ZTCS1PSW44WIN9567ECF^通道AZ端网元与伪线AZ端网元一致，且通道中关联伪线ID为空，且通道Z端端口和伪线端口均在业务接入点表中^0^2020-07-21 11:50:51^SYSTEM_NEW^2020-06-03 11:47:21^SYSTEM_NEW^2020-07-21 11:50:51^3033568331^^
^PW-全业务-7158-隆阳区公安局（新）_B^-869394970^-1314089996^^^^^2015^-842365767^-1311476291^3960471175^PW-全业务-7158-隆阳区公安局（新）_B^1^^8^93^^^0^0^53935997^^^3501^^PW-全业务-7158-隆阳区公安局（新）_B^5305ZTCS1ESP20907389844FVLZ5^^^^^^^^^^PW-全业务-7158-隆阳区公安局（新）_B^5305ZTCS1PSW44WIN95657PT^通道AZ端网元与伪线AZ端网元一致，且通道中关联伪线ID为空，且通道Z端端口和伪线端口均在业务接入点表中^0^2021-12-28 16:59:09^SYSTEM_NEW^2018-12-19 22:43:38^SYSTEM_NEW^2021-12-28 16:59:09^3033568332^^
^9228-大姚县电力公司_Q<->9515-大姚县三台_HJ^0^0^--^--^^^2103^0^0^3962549264^9228-大姚县电力公司_Q<->9515-大姚县三台_HJ^1^^6^0^^^0^0^53935989^^^400^--^9228-大姚县电力公司_Q<->9515-大姚县三台_HJ^5323HWCSTETP4cbf431ef61e5ccb^^^^^^^^^^9228-大姚县电力公司_Q<->9515-大姚县三台_HJ^5323HWCSTPSWb1024dc9728bc63b^通道AZ端网元与伪线AZ端网元一致，且通道中关联伪线ID为空，且通道Z端端口和伪线端口均在业务接入点表中^0^2021-06-16 23:05:52^SYSTEM_NEW^2019-04-06 18:31:56^SYSTEM_NEW^2021-06-16 23:05:52^3033568333^^
^PW-W-9374-大理古城区学院艺术楼_B^-539152616^54018638^^^^^^-533933696^-487829293^4854316329^^1^^5^147^^^0^0^53935982^^^2126^2126^PW-W-9374-大理古城区学院艺术楼_B^5329ZTCS1ESP13856562246QSKEM^^^^^^^^^^PW-W-9374-大理古城区学院艺术楼_B^5329ZTCS1PSW4506RW4NYV2C^^0^2021-12-29 00:27:19^SYSTEM_NEW^2021-12-18 22:35:05^SYSTEM_NEW^2021-12-29 00:27:19^4854256569^^
^PW-W-5863-大理市海东政务中心_S^-1928426596^-1819270317^^^^^^-1927690512^-1813216061^4854319174^^1^^5^62^^^0^0^53935982^^^^946^PW-W-5863-大理市海东政务中心_S^5329ZTCS1ESP0153662020PA8^^^^^^^^^^PW-W-5863-大理市海东政务中心_S^5329ZTCS1PSW4506RW4NYV2V^^0^2021-12-29 00:27:19^SYSTEM_NEW^2021-12-18 22:35:05^SYSTEM_NEW^2021-12-29 00:27:19^4854256570^^
^7230-武定县卫生局_Q<->28010-武定县环洲_HJ^144869632^53973322^--^--^^^2222^-1854992179^2488162985^2709919062^7230-武定县卫生局_Q<->28010-武定县环洲_HJ^1^^6^80^^^0^0^53935989^^^15^15^7230-武定县卫生局_Q<->28010-武定县环洲_HJ^5323HWCSTESP80677fb78fd22005^^^^^^^^^^7230-武定县卫生局_Q<->28010-武定县环洲_HJ^5323HWCSTPSW6ffde541f44c3ff7^通道AZ端网元与伪线AZ端网元一致，且通道中关联伪线ID为空，且通道A端端口和伪线端口均在业务接入点表中^0^2020-08-10 16:13:04^SYSTEM_NEW^2020-03-19 22:30:26^SYSTEM_NEW^2020-08-10 16:13:04^3033567996^^
^PW-3282-红河州屏边县林业局_Q_61-红河州屏边县检察院（新移动办公楼）五楼_HX-182802^54030604^53968120^^^^^366307^55209367^56319138^-577491564^PW-3282-红河州屏边县林业局_Q_61-红河州屏边县检察院（新移动办公楼）五楼_HX-182802^1^^10^36^^^0^0^53935998^^^28^28^PW-3282-红河州屏边县林业局_Q_61-红河州屏边县检察院（新移动办公楼）五楼_HX-182802^5325ZTCS1ESP0583381675PAB^^^^^^^^^^PW-3282-红河州屏边县林业局_Q_61-红河州屏边县检察院（新移动办公楼）五楼_HX-182802^5325ZTCS1PSW446GZWG17RXX^通道AZ端网元与伪线ZA端网元一致，且通道中关联伪线ID为空，且通道A端端口和伪线端口均在业务接入点表中^0^2020-08-11 14:28:39^SYSTEM_NEW^2018-12-20 02:41:36^SYSTEM_NEW^2020-08-11 14:28:39^3033567997^^
^PW-全业务-1341-泸水市药监局6110_Q-47-泸水市新大楼9008（5F）_HJ^-740821293^53986473^^^^^2025^-737753558^57540578^4757115171^PW-全业务-47-泸水市新大楼9008（5F）_HX-1341-泸水市药监局6110_Q^1^^15^130^^^0^0^53935991^^^^^PW-全业务-1341-泸水市药监局6110_Q-47-泸水市新大楼9008（5F）_HJ^5333ZTCS1ESP0161003972PAB^^^^^^^^^^PW-全业务-1341-泸水市药监局6110_Q-47-泸水市新大楼9008（5F）_HJ^5333ZTCS1PSW4553NUR3HJ9Q^通道AZ端网元与伪线ZA端网元一致，且通道中关联伪线ID为空，且通道A端端口和伪线端口均在业务接入点表中^0^2021-12-24 21:43:18^SYSTEM_NEW^2019-05-31 17:53:47^SYSTEM_NEW^2021-12-24 21:43:18^3033567998^^
^PW -P-8330-鹤庆县上鹤高速采矿区_B^-1510974424^-1872825676^^^^^^-1510129189^2341619985^4854331189^^1^^5^65^^^0^0^53935982^^^2185^2185^PW -P-8330-鹤庆县上鹤高速采矿区_B^5329ZTCS1ESP05417156166T3FYH^^^^^^^^^^PW -P-8330-鹤庆县上鹤高速采矿区_B^5329ZTCS1PSW4506RW4NYUJ8^^0^2021-12-29 00:28:13^SYSTEM_NEW^2021-12-18 22:35:05^SYSTEM_NEW^2021-12-29 00:28:13^4854256431^^
^DNI:PW-6126-鹤庆县新移动6500-L2L3备_HX_6137-鹤庆县花树村6500-L2L3主_HX-167997^-1872825676^-1872825696^^^^^^2341620065^2341620098^4854332177^^1^^5^65^^^0^0^53935982^^^187^187^DNI:PW-6126-鹤庆县新移动6500-L2L3备_HX_6137-鹤庆县花树村6500-L2L3主_HX-167997^5329ZTCS1ESP04313784974N4VQZ^^^^^^^^^^DNI:PW-6126-鹤庆县新移动6500-L2L3备_HX_6137-鹤庆县花树村6500-L2L3主_HX-167997^5329ZTCS1PSW4506RW4NYUJT^^0^2021-12-29 00:28:13^SYSTEM_NEW^2021-12-18 22:35:05^SYSTEM_NEW^2021-12-29 00:28:13^4854256432^^
^PW-W-2721-鹤庆县城东^54027731^-1872825696^^^^^^55447690^2341619989^4854331445^^1^^5^65^^^0^0^53935982^^^2027^2027^PW-W-2721-鹤庆县城东^5329ZTCS1ESP1905366148PAO^^^^^^^^^^PW-W-2721-鹤庆县城东^5329ZTCS1PSW4506RW4NYUN2^^0^2021-12-29 00:28:13^SYSTEM_NEW^2021-12-18 22:35:05^SYSTEM_NEW^2021-12-29 00:28:13^4854256434^^
^PW-W-9478-鹤庆县草海镇小水渼大丽高铁^-362754486^-1872825696^^^^^^-362744488^2341620144^4854332184^^1^^5^65^^^0^0^53935982^^^48^48^PW-W-9478-鹤庆县草海镇小水渼大丽高铁^5329ZTCS1ESP12363496274HPMPC^^^^^^^^^^PW-W-9478-鹤庆县草海镇小水渼大丽高铁^5329ZTCS1PSW4506RW4NYUP2^^0^2021-12-29 00:28:13^SYSTEM_NEW^2021-12-18 22:35:05^SYSTEM_NEW^2021-12-29 00:28:13^4854256435^^
^PW-W-9467-鹤庆县大丽路西邑镇西邑南登_B^-373610850^-1872825696^^^^^^-373568635^2341619989^4854330412^^1^^5^65^^^0^0^53935982^^^2040^2040^PW-W-9467-鹤庆县大丽路西邑镇西邑南登_B^5329ZTCS1ESP21247152926NFRI0^^^^^^^^^^PW-W-9467-鹤庆县大丽路西邑镇西邑南登_B^5329ZTCS1PSW4506RW4NYUPM^^0^2021-12-29 00:28:13^SYSTEM_NEW^2021-12-18 22:35:05^SYSTEM_NEW^2021-12-29 00:28:13^4854256436^^
^PW -P-377-鹤庆县金菩提^53975594^-1872825676^^^^^^56374493^2341685213^4854331444^^1^^5^65^^^0^0^53935982^^^56^56^PW -P-377-鹤庆县金菩提^5329ZTCS1ESP1423355079PAQ^^^^^^^^^^PW -P-377-鹤庆县金菩提^5329ZTCS1PSW4506RW4NYUS1^^0^2021-12-29 00:28:13^SYSTEM_NEW^2021-12-18 22:35:05^SYSTEM_NEW^2021-12-29 00:28:13^4854256437^^
^PW-W-2175-鹤庆县黄坪北衙_B^53998648^-1872825696^^^^^^58021760^2341620144^4854322366^^1^^5^65^^^0^0^53935982^^^57^57^PW-W-2175-鹤庆县黄坪北衙_B^5329ZTCS1ESP1879536479PAZ^^^^^^^^^^PW-W-2175-鹤庆县黄坪北衙_B^5329ZTCS1PSW4506RW4NYUS8^^0^2021-12-29 00:28:13^SYSTEM_NEW^2021-12-18 22:35:05^SYSTEM_NEW^2021-12-29 00:28:13^4854256438^^
^DNI:PW-6126-鹤庆县新移动6500-L2L3备_HX_6137-鹤庆县花树村6500-L2L3主_HX-168539^-1872825676^-1872825696^^^^^^2341620143^2341619989^4854332177^^1^^5^65^^^0^0^53935982^^^2060^2060^DNI:PW-6126-鹤庆县新移动6500-L2L3备_HX_6137-鹤庆县花树村6500-L2L3主_HX-168539^5329ZTCS1ESP04313783736O7UVG^^^^^^^^^^DNI:PW-6126-鹤庆县新移动6500-L2L3备_HX_6137-鹤庆县花树村6500-L2L3主_HX-168539^5329ZTCS1PSW4506RW4NYUSU^^0^2021-12-29 00:28:13^SYSTEM_NEW^2021-12-18 22:35:05^SYSTEM_NEW^2021-12-29 00:28:13^4854256439^^
^DNI:PW-6126-鹤庆县新移动6500-L2L3备_HX_6137-鹤庆县花树村6500-L2L3主_HX-168673^-1872825676^-1872825696^^^^^^2341619985^2341619990^4854332177^^1^^5^65^^^0^0^53935982^^^2152^2152^DNI:PW-6126-鹤庆县新移动6500-L2L3备_HX_6137-鹤庆县花树村6500-L2L3主_HX-168673^5329ZTCS1ESP04313784356RT36W^^^^^^^^^^DNI:PW-6126-鹤庆县新移动6500-L2L3备_HX_6137-鹤庆县花树村6500-L2L3主_HX-168673^5329ZTCS1PSW4506RW4NYUVK^^0^2021-12-29 00:28:13^SYSTEM_NEW^2021-12-18 22:35:05^SYSTEM_NEW^2021-12-29 00:28:13^4854256440^^
^DNI:PW-6126-鹤庆县新移动6500-L2L3备_HX_6137-鹤庆县花树村6500-L2L3主_HX-169192^-1872825676^-1872825696^^^^^^2341685213^2341620144^4854332177^^1^^5^65^^^0^0^53935982^^^72^72^DNI:PW-6126-鹤庆县新移动6500-L2L3备_HX_6137-鹤庆县花树村6500-L2L3主_HX-169192^5329ZTCS1ESP04878375944INCCO^^^^^^^^^^DNI:PW-6126-鹤庆县新移动6500-L2L3备_HX_6137-鹤庆县花树村6500-L2L3主_HX-169192^5329ZTCS1PSW4506RW4NYVDP^^0^2021-12-29 00:28:13^SYSTEM_NEW^2021-12-18 22:35:05^SYSTEM_NEW^2021-12-29 00:28:13^4854256441^^
^27-永善县办公楼_HX<->249-永善县水厂_HJ^0^0^--^--^^^366304^0^0^3963128628^27-永善县办公楼_HX<->249-永善县水厂_HJ^1^^16^0^^^0^0^53936000^^^4053^4053,4071,4073^27-永善县办公楼_HX<->249-永善县水厂_HJ^5306HWCSTETPce9bc0c969504a0e^^^^^^^^^^27-永善县办公楼_HX<->249-永善县水厂_HJ^5306HWCSTPSW956fe5ae433a0309^通道AZ端网元与伪线ZA端网元一致，且通道中关联伪线ID为空，且通道Z端端口和伪线端口均在业务接入点表中^0^2021-06-17 12:25:27^SYSTEM_NEW^2019-11-26 23:48:40^SYSTEM_NEW^2021-06-17 12:25:27^3033568163^^
^27-永善县办公楼_HX<->249-永善县水厂_HJ^53974972^53985211^--^--^^^366304^-1792564939^-1585536574^-575480817^27-永善县办公楼_HX<->249-永善县水厂_HJ^1^^16^137^^^0^0^53936000^^^4053^4053^27-永善县办公楼_HX<->249-永善县水厂_HJ^5306HWCSTESPbbfc49af663bccc3^^^^^^^^^^27-永善县办公楼_HX<->249-永善县水厂_HJ^5306HWCSTPSW956fe5ae433a0309^通道AZ端网元与伪线ZA端网元一致，且通道中关联伪线ID为空，且通道Z端端口和伪线端口均在业务接入点表中^0^2020-07-21 17:39:52^SYSTEM_NEW^2019-11-26 23:48:40^SYSTEM_NEW^2020-07-21 17:39:52^3033568164^^
^29009-禄丰县高峰_HJ<->6001-禄丰县局PTN7900_HX^53977821^53973590^--^--^^^2323^56289686^-1618562646^-576059032^29009-禄丰县高峰_HJ<->6001-禄丰县局PTN7900_HX^1^^6^76^^^0^0^53935989^^^--^--^29009-禄丰县高峰_HJ<->6001-禄丰县局PTN7900_HX^5323HWCSTESPc52b82ef9ef1041a^^^^^^^^^^29009-禄丰县高峰_HJ<->6001-禄丰县局PTN7900_HX^5323HWCSTPSWe16c0185611e42f3^通道AZ端网元与伪线ZA端网元一致，且通道中关联伪线ID为空，且通道Z端端口和伪线端口均在业务接入点表中^0^2020-08-10 16:13:07^SYSTEM_NEW^2019-04-06 18:31:54^SYSTEM_NEW^2020-08-10 16:13:07^3033568165^^
^PW-W-3431-大理古城区双廊长育_Q^144860710^54018638^^^^^^144612208^-448262580^4854332326^^1^^5^147^^^0^0^53935982^^^2196^2196^PW-W-3431-大理古城区双廊长育_Q^5329ZTCS1ESP0431893861PAE^^^^^^^^^^PW-W-3431-大理古城区双廊长育_Q^5329ZTCS1PSW4506RW4NYICW^^0^2021-12-29 00:27:48^SYSTEM_NEW^2021-12-18 22:35:05^SYSTEM_NEW^2021-12-29 00:27:48^4854256516^^
^PW-W-7656-巍山县巍宝山乡安乐梯^-1602025627^-1903563731^^^^^^-1601512627^2176742396^4854323631^^1^^5^69^^^0^0^53935982^^^210^210^PW-W-7656-巍山县巍宝山乡安乐梯^5329ZTCS1ESP01833616724O16TU^^^^^^^^^^PW-W-7656-巍山县巍宝山乡安乐梯^5329ZTCS1PSW4506RW4NYIDU^^0^2021-12-29 00:27:48^SYSTEM_NEW^2021-12-18 22:35:05^SYSTEM_NEW^2021-12-29 00:27:48^4854256517^^
^PW-W-7773-巍山县竹坪村_B^-1579383379^-1903563731^^^^^^-1579266038^2176742398^4854327554^^1^^5^69^^^0^0^53935982^^^2216^2216^PW-W-7773-巍山县竹坪村_B^5329ZTCS1ESP07627147486UAZL4^^^^^^^^^^PW-W-7773-巍山县竹坪村_B^5329ZTCS1PSW4506RW4NYIML^^0^2021-12-29 00:27:48^SYSTEM_NEW^2021-12-18 22:35:05^SYSTEM_NEW^2021-12-29 00:27:48^4854256518^^
^DNI:PW-7076-洱源县老移动（城西）6500-L2L3备_HX_6661-洱源县新移动6500-L2L3主_HX-177411^2938097781^-1820371477^^^^^^2994803316^2445293631^4854337072^^1^^5^64^^^0^0^53935982^^^90^90^DNI:PW-7076-洱源县老移动（城西）6500-L2L3备_HX_6661-洱源县新移动6500-L2L3主_HX-177411^5329ZTCS1ESP02992254674JCML6^^^^^^^^^^DNI:PW-7076-洱源县老移动（城西）6500-L2L3备_HX_6661-洱源县新移动6500-L2L3主_HX-177411^5329ZTCS1PSW4506RW4NZ30N^^0^2021-12-29 00:27:48^SYSTEM_NEW^2021-12-18 22:35:05^SYSTEM_NEW^2021-12-29 00:27:48^4854256519^^
^DNI:PW-7076-洱源县老移动（城西）6500-L2L3备_HX_6661-洱源县新移动6500-L2L3主_HX-177572^2938097781^-1820371477^^^^^^2994803316^2445293631^4854337072^^1^^5^64^^^0^0^53935982^^^95^95^DNI:PW-7076-洱源县老移动（城西）6500-L2L3备_HX_6661-洱源县新移动6500-L2L3主_HX-177572^5329ZTCS1ESP02992254674JJNFJ^^^^^^^^^^DNI:PW-7076-洱源县老移动（城西）6500-L2L3备_HX_6661-洱源县新移动6500-L2L3主_HX-177572^5329ZTCS1PSW4506RW4NZ339^^0^2021-12-29 00:27:48^SYSTEM_NEW^2021-12-18 22:35:05^SYSTEM_NEW^2021-12-29 00:27:48^4854256520^^
^PW -P-4205-洱源县右所起胜^230123872^2938097781^^^^^^230440910^2994803321^4854338600^^1^^5^64^^^0^0^53935982^^^2026^2026^PW -P-4205-洱源县右所起胜^5329ZTCS1ESP0948637352PAM^^^^^^^^^^PW -P-4205-洱源县右所起胜^5329ZTCS1PSW4506RW4NZ36C^^0^2021-12-29 00:27:48^SYSTEM_NEW^2021-12-18 22:35:05^SYSTEM_NEW^2021-12-29 00:27:48^4854256521^^
^478-水富县移动_HX<->17-水富县电信局_HX^54023319^53975459^--^--^^^2110^-1795288191^-1796301856^-575499233^478-水富县移动_HX<->17-水富县电信局_HX^1^^16^140^^^0^0^53936000^^^1^--^478-水富县移动_HX<->17-水富县电信局_HX^5306HWCSTESP00025044bd2226f2^^^^^^^^^^478-水富县移动_HX<->17-水富县电信局_HX^5306HWCSTPSWe0cec0a57121261e^通道AZ端网元与伪线AZ端网元一致，且通道中关联伪线ID为空，且通道Z端端口和伪线端口均在业务接入点表中^0^2020-08-10 17:05:18^SYSTEM_NEW^2018-12-20 09:07:11^SYSTEM_NEW^2020-08-10 17:05:18^3033568172^^
^DNI:PW-6126-鹤庆县新移动6500-L2L3备_HX_6137-鹤庆县花树村6500-L2L3主_HX-168231^-1872825676^-1872825696^^^^^^2341620143^2341619989^4854332177^^1^^5^65^^^0^0^53935982^^^2030^2030^DNI:PW-6126-鹤庆县新移动6500-L2L3备_HX_6137-鹤庆县花树村6500-L2L3主_HX-168231^5329ZTCS1ESP04313783736N1PTA^^^^^^^^^^DNI:PW-6126-鹤庆县新移动6500-L2L3备_HX_6137-鹤庆县花树村6500-L2L3主_HX-168231^5329ZTCS1PSW4506RW4NYUNW^^0^2021-12-29 00:27:21^SYSTEM_NEW^2021-12-18 22:35:05^SYSTEM_NEW^2021-12-29 00:27:21^4854256522^^
^PW -P-7112-鹤庆县草海镇田屯北官屯_B^-1749858376^-1872825676^^^^^^-1748918106^2341685213^4854332007^^1^^5^65^^^0^0^53935982^^^30^30^PW -P-7112-鹤庆县草海镇田屯北官屯_B^5329ZTCS1ESP10112774744H0CGU^^^^^^^^^^PW -P-7112-鹤庆县草海镇田屯北官屯_B^5329ZTCS1PSW4506RW4NYUNZ^^0^2021-12-29 00:27:21^SYSTEM_NEW^2021-12-18 22:35:05^SYSTEM_NEW^2021-12-29 00:27:21^4854256523^^
^DNI:PW-6126-鹤庆县新移动6500-L2L3备_HX_6137-鹤庆县花树村6500-L2L3主_HX-168315^-1872825676^-1872825696^^^^^^2341620143^2341619989^4854332177^^1^^5^65^^^0^0^53935982^^^2049^2049^DNI:PW-6126-鹤庆县新移动6500-L2L3备_HX_6137-鹤庆县花树村6500-L2L3主_HX-168315^5329ZTCS1ESP04313783736NSEM9^^^^^^^^^^DNI:PW-6126-鹤庆县新移动6500-L2L3备_HX_6137-鹤庆县花树村6500-L2L3主_HX-168315^5329ZTCS1PSW4506RW4NYUP8^^0^2021-12-29 00:27:21^SYSTEM_NEW^2021-12-18 22:35:05^SYSTEM_NEW^2021-12-29 00:27:21^4854256524^^
^PW-W-9483-鹤庆县草海镇北新村大丽高铁^-361120099^-1872825696^^^^^^-361077102^2341619989^4854337572^^1^^5^65^^^0^0^53935982^^^2050^2050^PW-W-9483-鹤庆县草海镇北新村大丽高铁^5329ZTCS1ESP06764807046NTT6Q^^^^^^^^^^PW-W-9483-鹤庆县草海镇北新村大丽高铁^5329ZTCS1PSW4506RW4NYUPQ^^0^2021-12-29 00:27:21^SYSTEM_NEW^2021-12-18 22:35:05^SYSTEM_NEW^2021-12-29 00:27:21^4854256525^^
^9228-大姚县电力公司_Q<->9515-大姚县三台_HJ^1710930969^-1089828656^--^--^^^2103^1746397828^-1082267930^-576038202^9228-大姚县电力公司_Q<->9515-大姚县三台_HJ^1^^6^75^^^0^0^53935989^^^--^--^9228-大姚县电力公司_Q<->9515-大姚县三台_HJ^5323HWCSTESP02d3f3a50a297431^^^^^^^^^^9228-大姚县电力公司_Q<->9515-大姚县三台_HJ^5323HWCSTPSWb1024dc9728bc63b^通道AZ端网元与伪线AZ端网元一致，且通道中关联伪线ID为空，且通道Z端端口和伪线端口均在业务接入点表中^0^2020-07-21 16:36:20^SYSTEM_NEW^2019-04-06 18:31:56^SYSTEM_NEW^2020-07-21 16:36:20^3033568334^^
^9228-大姚县电力公司_Q<->9515-大姚县三台_HJ^1710930969^-1089828656^--^--^^^2103^1746397828^-1082267930^-576038202^9228-大姚县电力公司_Q<->9515-大姚县三台_HJ^1^^6^75^^^0^0^53935989^^^--^--^9228-大姚县电力公司_Q<->9515-大姚县三台_HJ^5323HWCSTESP02d3f3a50a297431^^^^^^^^^^9228-大姚县电力公司_Q<->9515-大姚县三台_HJ^5323HWCSTPSWb1024dc9728bc63b^通道AZ端网元与伪线AZ端网元一致，且通道中关联伪线ID为空，且通道A端端口和伪线端口均在业务接入点表中^0^2020-07-21 16:36:20^SYSTEM_NEW^2019-04-06 18:31:56^SYSTEM_NEW^2020-07-21 16:36:20^3033568335^^
^9228-大姚县电力公司_Q<->9515-大姚县三台_HJ^1710930969^-1089828656^--^--^^^2103^1746397828^-1082268530^-576038202^9228-大姚县电力公司_Q<->9515-大姚县三台_HJ^1^^6^75^^^0^0^53935989^^^--^--^9228-大姚县电力公司_Q<->9515-大姚县三台_HJ^5323HWCSTESP02d3f3a50a297431^^^^^^^^^^9228-大姚县电力公司_Q<->9515-大姚县三台_HJ^5323HWCSTPSWb1024dc9728bc63b^通道AZ端网元与伪线AZ端网元一致，且通道中关联伪线ID为空，且通道A端端口和伪线端口均在业务接入点表中^0^2020-07-21 16:36:20^SYSTEM_NEW^2019-04-06 18:31:56^SYSTEM_NEW^2020-07-21 16:36:20^3033568336^^
^PW-全业务-7158-隆阳区公安局(新)_Q-11732^-869394970^54011686^1000000^50000^^^2015^-842365767^-287685568^3960455566^PW-全业务-7158-隆阳区公安局(新)_Q-11732^1^^8^93^^^0^0^53935997^^^3501^^PW-全业务-7158-隆阳区公安局(新)_Q-11732^5305ZTCS1ESP20907389844FVLZ5^^^^^^^^^^PW-全业务-7158-隆阳区公安局(新)_Q-11732^5305ZTCS1PSW44WIN9565MDI^通道AZ端网元与伪线AZ端网元一致，且通道中关联伪线ID为空，且通道Z端端口和伪线端口均在业务接入点表中^0^2021-12-28 16:59:27^SYSTEM_NEW^2019-03-24 15:19:11^SYSTEM_NEW^2021-12-28 16:59:27^3033568337^^
^PW-全业务-梁河县粮食局WLAN^53967688^53967275^^^^^3096833^56355979^56207169^4880981748^PW-全业务-梁河县粮食局WLAN^1^^11^98^^^0^0^53935990^^^19^19^PW-全业务-梁河县粮食局WLAN^5331ZTCS2ESP2126715887PKI^^^^^^^^^^PW-全业务-梁河县粮食局WLAN^5331ZTCS2PSW4556GJD9PLMC^通道AZ端网元与伪线AZ端网元一致，且通道中关联伪线ID为空，且通道Z端端口和伪线端口均在业务接入点表中^0^2021-12-28 22:22:12^SYSTEM_NEW^2018-12-19 23:24:39^SYSTEM_NEW^2021-12-28 22:22:12^3033568338^^
^PW-1794-红河州泸西县农村信用合作联社(总部)_Q_456-红河州泸西县钟秀宾馆-184803^53990674^53967996^30000^30000^^^366312^57768617^56318662^-577490063^PW-1794-红河州泸西县农村信用合作联社(总部)_Q_456-红河州泸西县钟秀宾馆-184803^1^^10^31^^^0^0^53935998^^^^^PW-1794-红河州泸西县农村信用合作联社(总部)_Q_456-红河州泸西县钟秀宾馆-184803^5325ZTCS1ESP1093866239PAC^^^^^^^^^^PW-1794-红河州泸西县农村信用合作联社(总部)_Q_456-红河州泸西县钟秀宾馆-184803^5325ZTCS1PSW446GZWG18FFU^通道AZ端网元与伪线AZ端网元一致，且通道中关联伪线ID为空，且通道Z端端口和伪线端口均在业务接入点表中^0^2020-07-21 14:09:32^SYSTEM_NEW^2018-12-20 02:41:35^SYSTEM_NEW^2020-07-21 14:09:32^3033568339^^
^W:PW-20-移动大楼9008-1_106-景洪市金地大酒店-ZX-PTN-63320^53968108^53967821^^^^^366261^57070049^56326575^4738620696^W:PW-20-移动大楼9008-1_106-景洪市金地大酒店-ZX-PTN-63320^1^^13^111^^^0^0^53935987^^^99^99^W:PW-20-移动大楼9008-1_106-景洪市金地大酒店-ZX-PTN-63320^5328ZTCS1ESP1611615496PMJ^^^^^^^^^^W:PW-20-移动大楼9008-1_106-景洪市金地大酒店-ZX-PTN-63320^5328ZTCS1PSW4578R3OOE4MD^通道AZ端网元与伪线AZ端网元一致，且通道中关联伪线ID为空，且通道Z端端口和伪线端口均在业务接入点表中^0^2021-12-28 13:37:33^SYSTEM_NEW^2018-12-19 21:40:15^SYSTEM_NEW^2021-12-28 13:37:33^3033568340^^
^W:PW-20-移动大楼9008-1_106-景洪市金地大酒店-ZX-PTN-63320^53968108^53967821^^^^^366261^56323719^56355368^-578733272^W:PW-20-移动大楼9008-1_106-景洪市金地大酒店-ZX-PTN-63320^1^^13^111^^^0^0^53935987^^^99^99^W:PW-20-移动大楼9008-1_106-景洪市金地大酒店-ZX-PTN-63320^5328ZTCS1ESP1611615496PMJ^^^^^^^^^^W:PW-20-移动大楼9008-1_106-景洪市金地大酒店-ZX-PTN-63320^5328ZTCS1PSW4578R3OOE4MD^通道AZ端网元与伪线AZ端网元一致，且通道中关联伪线ID为空，且通道Z端端口和伪线端口均在业务接入点表中^0^2020-07-21 11:15:03^SYSTEM_NEW^2018-12-19 21:40:15^SYSTEM_NEW^2020-07-21 11:15:03^3033568341^^
^W:PW-20-移动大楼9008-1_106-景洪市金地大酒店-ZX-PTN-63320^53968108^53967821^^^^^366261^56323470^56355368^-578733272^W:PW-20-移动大楼9008-1_106-景洪市金地大酒店-ZX-PTN-63320^1^^13^111^^^0^0^53935987^^^99^99^W:PW-20-移动大楼9008-1_106-景洪市金地大酒店-ZX-PTN-63320^5328ZTCS1ESP1611615496PMJ^^^^^^^^^^W:PW-20-移动大楼9008-1_106-景洪市金地大酒店-ZX-PTN-63320^5328ZTCS1PSW4578R3OOE4MD^通道AZ端网元与伪线AZ端网元一致，且通道中关联伪线ID为空，且通道Z端端口和伪线端口均在业务接入点表中^0^2020-07-21 11:15:03^SYSTEM_NEW^2018-12-19 21:40:15^SYSTEM_NEW^2020-07-21 11:15:03^3033568342^^
^PW-2025-剑川县沙溪镇派出所_582-剑川沙溪-7662^53996317^53976003^^^^^2027^57923410^56379347^4854308994^PW-2025-剑川县沙溪镇派出所_582-剑川沙溪-7662^1^^5^66^^^0^0^53935982^^^^^PW-2025-剑川县沙溪镇派出所_582-剑川沙溪-7662^5329ZTCS1ESP0811141660PAA^^^^^^^^^^PW-2025-剑川县沙溪镇派出所_582-剑川沙溪-7662^5329ZTCS1PSW4506RW4NR7ZQ^通道AZ端网元与伪线AZ端网元一致，且通道中关联伪线ID为空，且通道Z端端口和伪线端口均在业务接入点表中^0^2021-12-29 00:26:20^SYSTEM_NEW^2018-12-20 00:55:50^SYSTEM_NEW^2021-12-29 00:26:20^3033568343^^
^PW-2025-剑川县沙溪镇派出所_582-剑川沙溪-7662^53996317^53976003^^^^^2027^57918829^56381976^-577942559^PW-2025-剑川县沙溪镇派出所_582-剑川沙溪-7662^1^^5^66^^^0^0^53935982^^^^^PW-2025-剑川县沙溪镇派出所_582-剑川沙溪-7662^5329ZTCS1ESP0811141660PAA^^^^^^^^^^PW-2025-剑川县沙溪镇派出所_582-剑川沙溪-7662^5329ZTCS1PSW4506RW4NR7ZQ^通道AZ端网元与伪线AZ端网元一致，且通道中关联伪线ID为空，且通道Z端端口和伪线端口均在业务接入点表中^0^2020-07-21 13:09:36^SYSTEM_NEW^2018-12-20 00:55:50^SYSTEM_NEW^2020-07-21 13:09:36^3033568344^^
^PW -P-4992-鹤庆县文华小区91号^1023378980^-1872825676^^^^^^1116432449^2341685213^4854327729^^1^^5^65^^^0^0^53935982^^^109^109^PW -P-4992-鹤庆县文华小区91号^5329ZTCS1ESP13189238014K3BE5^^^^^^^^^^PW -P-4992-鹤庆县文华小区91号^5329ZTCS1PSW4506RW4NYVKW^^0^2021-12-29 00:28:13^SYSTEM_NEW^2021-12-18 22:35:05^SYSTEM_NEW^2021-12-29 00:28:13^4854256442^^
^DNI:PW-6126-鹤庆县新移动6500-L2L3备_HX_6137-鹤庆县花树村6500-L2L3主_HX-169731^-1872825676^-1872825696^^^^^^2341685213^2341620144^4854332177^^1^^5^65^^^0^0^53935982^^^120^120^DNI:PW-6126-鹤庆县新移动6500-L2L3备_HX_6137-鹤庆县花树村6500-L2L3主_HX-169731^5329ZTCS1ESP04878375944KIRNC^^^^^^^^^^DNI:PW-6126-鹤庆县新移动6500-L2L3备_HX_6137-鹤庆县花树村6500-L2L3主_HX-169731^5329ZTCS1PSW4506RW4NYVN2^^0^2021-12-29 00:28:13^SYSTEM_NEW^2021-12-18 22:35:05^SYSTEM_NEW^2021-12-29 00:28:13^4854256443^^
^PW-W-9860-鹤庆县金墩化龙村口6150_B^2270296670^-1872825696^^^^^^2270328819^2341619989^4854326689^^1^^5^65^^^0^0^53935982^^^2136^2136^PW-W-9860-鹤庆县金墩化龙村口6150_B^5329ZTCS1ESP00008833306R6M3C^^^^^^^^^^PW-W-9860-鹤庆县金墩化龙村口6150_B^5329ZTCS1PSW4506RW4NYVQ8^^0^2021-12-29 00:28:14^SYSTEM_NEW^2021-12-18 22:35:05^SYSTEM_NEW^2021-12-29 00:28:14^4854256444^^
^DNI:PW-6126-鹤庆县新移动6500-L2L3备_HX_6137-鹤庆县花树村6500-L2L3主_HX-162657^-1872825676^-1872825696^^^^^^2239572758^2239572762^4854332177^^1^^5^65^^^0^0^53935982^^^2047^2047^DNI:PW-6126-鹤庆县新移动6500-L2L3备_HX_6137-鹤庆县花树村6500-L2L3主_HX-162657^5329ZTCS1ESP04313785596NPLHB^^^^^^^^^^DNI:PW-6126-鹤庆县新移动6500-L2L3备_HX_6137-鹤庆县花树村6500-L2L3主_HX-162657^5329ZTCS1PSW4506RW4NYRHN^^0^2021-12-29 00:27:39^SYSTEM_NEW^2021-12-18 22:35:05^SYSTEM_NEW^2021-12-29 00:27:39^4854256445^^
^PW-W-358-鹤庆县日月广场^53976327^-1872825696^^^^^^56375080^2239572760^4854333366^^1^^5^65^^^0^0^53935982^^^13^13^PW-W-358-鹤庆县日月广场^5329ZTCS1ESP0751764472PAR^^^^^^^^^^PW-W-358-鹤庆县日月广场^5329ZTCS1PSW4506RW4NYRJ3^^0^2021-12-29 00:27:39^SYSTEM_NEW^2021-12-18 22:35:05^SYSTEM_NEW^2021-12-29 00:27:39^4854256446^^
^DNI:PW-6126-鹤庆县新移动6500-L2L3备_HX_6137-鹤庆县花树村6500-L2L3主_HX-163183^-1872825676^-1872825696^^^^^^2239572756^2239572760^4854332177^^1^^5^65^^^0^0^53935982^^^18^18^DNI:PW-6126-鹤庆县新移动6500-L2L3备_HX_6137-鹤庆县花树村6500-L2L3主_HX-163183^5329ZTCS1ESP04313786214GJHN6^^^^^^^^^^DNI:PW-6126-鹤庆县新移动6500-L2L3备_HX_6137-鹤庆县花树村6500-L2L3主_HX-163183^5329ZTCS1PSW4506RW4NYRQ2^^0^2021-12-29 00:27:39^SYSTEM_NEW^2021-12-18 22:35:05^SYSTEM_NEW^2021-12-29 00:27:39^4854256447^^
^DNI:PW-6126-鹤庆县新移动6500-L2L3备_HX_6137-鹤庆县花树村6500-L2L3主_HX-163317^-1872825676^-1872825696^^^^^^2239572758^2239572762^4854332177^^1^^5^65^^^0^0^53935982^^^2089^2089^DNI:PW-6126-鹤庆县新移动6500-L2L3备_HX_6137-鹤庆县花树村6500-L2L3主_HX-163317^5329ZTCS1ESP04313785596PCLD5^^^^^^^^^^DNI:PW-6126-鹤庆县新移动6500-L2L3备_HX_6137-鹤庆县花树村6500-L2L3主_HX-163317^5329ZTCS1PSW4506RW4NYRS9^^0^2021-12-29 00:27:39^SYSTEM_NEW^2021-12-18 22:35:05^SYSTEM_NEW^2021-12-29 00:27:39^4854256448^^
^5849-楚雄市树苴2_HJ<->5865-楚雄市移动大楼集客落地二（备）_HX^-1128474184^-1128474154^--^--^^^2054^-1082271516^-1119219040^-576034543^5849-楚雄市树苴2_HJ<->5865-楚雄市移动大楼集客落地二（备）_HX^1^^6^74^^^0^0^53935989^^^--^--^5849-楚雄市树苴2_HJ<->5865-楚雄市移动大楼集客落地二（备）_HX^5323HWCSTESPa9c4254f4e4685fb^^^^^^^^^^5849-楚雄市树苴2_HJ<->5865-楚雄市移动大楼集客落地二（备）_HX^5323HWCSTPSWbc94dc5658384796^通道AZ端网元与伪线ZA端网元一致，且通道中关联伪线ID为空，且通道A端端口和伪线端口均在业务接入点表中^0^2020-08-10 16:13:06^SYSTEM_NEW^2019-04-06 18:31:53^SYSTEM_NEW^2020-08-10 16:13:06^3033568012^^
^5849-楚雄市树苴2_HJ<->5865-楚雄市移动大楼集客落地二（备）_HX^-1128474184^-1128474154^--^--^^^2054^-1082271515^-701377764^-576034543^5849-楚雄市树苴2_HJ<->5865-楚雄市移动大楼集客落地二（备）_HX^1^^6^74^^^0^0^53935989^^^--^--^5849-楚雄市树苴2_HJ<->5865-楚雄市移动大楼集客落地二（备）_HX^5323HWCSTESPa9c4254f4e4685fb^^^^^^^^^^5849-楚雄市树苴2_HJ<->5865-楚雄市移动大楼集客落地二（备）_HX^5323HWCSTPSWbc94dc5658384796^通道AZ端网元与伪线ZA端网元一致，且通道中关联伪线ID为空，且通道Z端端口和伪线端口均在业务接入点表中^0^2020-07-21 16:36:21^SYSTEM_NEW^2019-04-06 18:31:53^SYSTEM_NEW^2020-07-21 16:36:21^3033568013^^
^10453-元谋县新华_HJ<->10461-元谋县水务局_Q^-1089828662^-576174555^--^--^^^366262^-1082268757^-561517401^-550346852^10453-元谋县新华_HJ<->10461-元谋县水务局_Q^1^^6^83^^^0^0^53935989^^^--^--^10453-元谋县新华_HJ<->10461-元谋县水务局_Q^5323HWCSTESPeb7ddac0bfffe8b5^^^^^^^^^^10453-元谋县新华_HJ<->10461-元谋县水务局_Q^5323HWCSTPSW1a92d8e3aeed9a77^通道AZ端网元与伪线ZA端网元一致，且通道中关联伪线ID为空，且通道Z端端口和伪线端口均在业务接入点表中^0^2020-08-10 16:13:08^SYSTEM_NEW^2019-04-06 18:31:56^SYSTEM_NEW^2020-08-10 16:13:08^3033568014^^
^PW -P-8732-鹤庆县新城村6500_HJ^-1434062992^-1872825676^^^^^^-1420496990^2239572758^4854331970^^1^^5^65^^^0^0^53935982^^^2121^2121^PW -P-8732-鹤庆县新城村6500_HJ^5329ZTCS1ESP13465216284FVLZ5^^^^^^^^^^PW -P-8732-鹤庆县新城村6500_HJ^5329ZTCS1PSW4506RW4NYRZ6^^0^2021-12-29 00:27:39^SYSTEM_NEW^2021-12-18 22:35:05^SYSTEM_NEW^2021-12-29 00:27:39^4854256449^^
^DNI:PW-6126-鹤庆县新移动6500-L2L3备_HX_6137-鹤庆县花树村6500-L2L3主_HX-163911^-1872825676^-1872825696^^^^^^2239572756^2239572760^4854332177^^1^^5^65^^^0^0^53935982^^^28^28^DNI:PW-6126-鹤庆县新移动6500-L2L3备_HX_6137-鹤庆县花树村6500-L2L3主_HX-163911^5329ZTCS1ESP04313786214GXJBW^^^^^^^^^^DNI:PW-6126-鹤庆县新移动6500-L2L3备_HX_6137-鹤庆县花树村6500-L2L3主_HX-163911^5329ZTCS1PSW4506RW4NYS1X^^0^2021-12-29 00:27:39^SYSTEM_NEW^2021-12-18 22:35:05^SYSTEM_NEW^2021-12-29 00:27:39^4854256451^^
^PW -P-9894-巍山县沙帽山风电场^2335217413^-1747003071^^^^^^2335642331^2193883768^4854331711^^1^^5^69^^^0^0^53935982^^^239^239^PW -P-9894-巍山县沙帽山风电场^5329ZTCS1ESP0586570436PAB^^^^^^^^^^PW -P-9894-巍山县沙帽山风电场^5329ZTCS1PSW4506RW4NYS38^^0^2021-12-29 00:27:39^SYSTEM_NEW^2021-12-18 22:35:05^SYSTEM_NEW^2021-12-29 00:27:39^4854256452^^
^478-水富县移动_HX<->17-水富县电信局_HX^54023319^53975459^--^--^^^2110^-1795288192^-1796301854^-575499233^478-水富县移动_HX<->17-水富县电信局_HX^1^^16^140^^^0^0^53936000^^^1^--^478-水富县移动_HX<->17-水富县电信局_HX^5306HWCSTESP00025044bd2226f2^^^^^^^^^^478-水富县移动_HX<->17-水富县电信局_HX^5306HWCSTPSWe0cec0a57121261e^通道AZ端网元与伪线AZ端网元一致，且通道中关联伪线ID为空，且通道Z端端口和伪线端口均在业务接入点表中^0^2020-07-21 17:39:52^SYSTEM_NEW^2018-12-20 09:07:11^SYSTEM_NEW^2020-07-21 17:39:52^3033568173^^
^PW-动环-EPTREE-孟连县邦康农贸市场^53966205^-1650937905^^^^^2252^56210426^-1650716183^4807940755^PW-动环-EPTREE-孟连县邦康农贸市场^1^^4^51^^^0^0^53935986^^^^^PW-动环-EPTREE-孟连县邦康农贸市场^5308ZTCS1ESP1806365761QJ6^^^^^^^^^^PW-动环-EPTREE-孟连县邦康农贸市场^5308ZTCS1PSW44WHOXDHGUAR^通道AZ端网元与伪线AZ端网元一致，且通道中关联伪线ID为空，且通道Z端端口和伪线端口均在业务接入点表中^0^2021-12-27 04:41:19^SYSTEM_NEW^2018-12-20 04:46:08^SYSTEM_NEW^2021-12-27 04:41:19^3033568174^^
^PW-全业务-EVPTREE-宁洱县汪街政法委vlan=88^-1365465500^-1624316902^^^^^2252^-926670212^-1623749296^4807954929^PW-全业务-EVPTREE-宁洱县汪街政法委vlan=88^1^^4^51^^^0^0^53935986^^^88^88^PW-全业务-EVPTREE-宁洱县汪街政法委vlan=88^5308ZTCS1ESP13619123534FVLZ5^^^^^^^^^^PW-全业务-EVPTREE-宁洱县汪街政法委vlan=88^5308ZTCS1PSW44WHOXDHIPRG^通道AZ端网元与伪线AZ端网元一致，且通道中关联伪线ID为空，且通道Z端端口和伪线端口均在业务接入点表中^0^2021-12-27 04:42:08^SYSTEM_NEW^2018-12-20 04:45:48^SYSTEM_NEW^2021-12-27 04:42:08^3033568175^^
^PW-全业务-EVPTREE-宁洱县汪街政法委vlan=88^-1365465500^-1624316902^^^^^2252^-1364215154^-1623749295^-576931705^PW-全业务-EVPTREE-宁洱县汪街政法委vlan=88^1^^4^51^^^0^0^53935986^^^88^88^PW-全业务-EVPTREE-宁洱县汪街政法委vlan=88^5308ZTCS1ESP13619123534FVLZ5^^^^^^^^^^PW-全业务-EVPTREE-宁洱县汪街政法委vlan=88^5308ZTCS1PSW44WHOXDHIPRG^通道AZ端网元与伪线AZ端网元一致，且通道中关联伪线ID为空，且通道Z端端口和伪线端口均在业务接入点表中^0^2020-07-21 15:27:59^SYSTEM_NEW^2018-12-20 04:45:48^SYSTEM_NEW^2020-07-21 15:27:59^3033568176^^
^PW-全业务-EVPTREE-宁洱县汪街政法委vlan=88^-1365465500^-1624316902^^^^^2252^-1364215152^-1623749295^-576931705^PW-全业务-EVPTREE-宁洱县汪街政法委vlan=88^1^^4^51^^^0^0^53935986^^^88^88^PW-全业务-EVPTREE-宁洱县汪街政法委vlan=88^5308ZTCS1ESP13619123534FVLZ5^^^^^^^^^^PW-全业务-EVPTREE-宁洱县汪街政法委vlan=88^5308ZTCS1PSW44WHOXDHIPRG^通道AZ端网元与伪线AZ端网元一致，且通道中关联伪线ID为空，且通道Z端端口和伪线端口均在业务接入点表中^0^2020-07-21 15:27:59^SYSTEM_NEW^2018-12-20 04:45:48^SYSTEM_NEW^2020-07-21 15:27:59^3033568177^^
^PW-W-9486-鹤庆县辛屯南河村北段大丽高铁^-361120095^-1872825696^^^^^^-361077071^2341619989^4854330544^^1^^5^65^^^0^0^53935982^^^2054^2054^PW-W-9486-鹤庆县辛屯南河村北段大丽高铁^5329ZTCS1ESP15579561306NZFGM^^^^^^^^^^PW-W-9486-鹤庆县辛屯南河村北段大丽高铁^5329ZTCS1PSW4506RW4NYURE^^0^2021-12-29 00:27:21^SYSTEM_NEW^2021-12-18 22:35:05^SYSTEM_NEW^2021-12-29 00:27:21^4854256526^^
^PW-全业务-7139-隆阳区市交警支队-132^-900939076^-1555141241^^^^^2015^-897647639^-1554641042^-578431097^PW-全业务-7139-隆阳区市交警支队-132^1^^8^93^^^0^0^53935997^^^102^^PW-全业务-7139-隆阳区市交警支队-132^5305ZTCS1ESP0525904005PCI^^^^^^^^^^PW-全业务-7139-隆阳区市交警支队-132^5305ZTCS1PSW44WIN9565RKH^通道AZ端网元与伪线AZ端网元一致，且通道中关联伪线ID为空，且通道Z端端口和伪线端口均在业务接入点表中^0^2020-07-21 11:51:08^SYSTEM_NEW^2019-05-02 14:08:32^SYSTEM_NEW^2020-07-21 11:51:08^3033568179^^
^PW-全业务-7139-隆阳区市交警支队-132^-900939076^-1555141241^^^^^2015^-897647639^-1554641042^-578431097^PW-全业务-7139-隆阳区市交警支队-132^1^^8^93^^^0^0^53935997^^^102^^PW-全业务-7139-隆阳区市交警支队-132^5305ZTCS1ESP0525904005PCI^^^^^^^^^^PW-全业务-7139-隆阳区市交警支队-132^5305ZTCS1PSW44WIN9565RKH^通道AZ端网元与伪线AZ端网元一致，且通道中关联伪线ID为空，且通道Z端端口和伪线端口均在业务接入点表中^0^2020-07-21 11:51:08^SYSTEM_NEW^2019-05-02 14:08:32^SYSTEM_NEW^2020-07-21 11:51:08^3033568180^^
^PW-全业务-7139-隆阳区市交警支队-132^-900939076^-1555141241^^^^^2015^-897647639^-1554641042^-578431097^PW-全业务-7139-隆阳区市交警支队-132^1^^8^93^^^0^0^53935997^^^102^^PW-全业务-7139-隆阳区市交警支队-132^5305ZTCS1ESP0525904005PCI^^^^^^^^^^PW-全业务-7139-隆阳区市交警支队-132^5305ZTCS1PSW44WIN9565RKH^通道AZ端网元与伪线AZ端网元一致，且通道中关联伪线ID为空，且通道Z端端口和伪线端口均在业务接入点表中^0^2020-07-21 11:51:08^SYSTEM_NEW^2019-05-02 14:08:32^SYSTEM_NEW^2020-07-21 11:51:08^3033568181^^
^PW-全业务-7139-隆阳区市交警支队_Q-1811^-900939076^-1366740642^^^^^^2721728235^-1365790287^3960467985^PW-全业务-7139-隆阳区市交警支队_Q-1811^1^^8^93^^^0^0^53935997^^^103^^PW-全业务-7139-隆阳区市交警支队_Q-1811^5305ZTCS1ESP0525904005PDB^^^^^^^^^^PW-全业务-7139-隆阳区市交警支队_Q-1811^5305ZTCS1PSW44WIN9567ECL^通道AZ端网元与伪线AZ端网元一致，且通道中关联伪线ID为空，且通道Z端端口和伪线端口均在业务接入点表中^0^2021-12-28 16:58:57^SYSTEM_NEW^2020-06-03 11:47:42^SYSTEM_NEW^2021-12-28 16:58:57^3033568182^^
^罗平县金鸡服务区B站10M数据专线-vc^-296286553^-465292197^--^--^^^366243^-296284358^-465251978^3958986349^罗平县金鸡服务区B站10M数据专线-vc^1^^7^84^^^-296285082^-465292046^53935999^^^--^--^罗平县金鸡服务区B站10M数据专线-vc^5303FHCS1ESP5000000000007AQQ^^^^^^^^^^罗平县金鸡服务区B站10M数据专线-vc^5303FHCS1PSW3W000000008LTFHP^通道AZ端网元与伪线AZ端网元一致，且通道中关联伪线ID为空，且通道Z端端口和伪线端口均在业务接入点表中^0^2021-10-24 07:34:26^SYSTEM_NEW^2019-06-26 09:53:07^SYSTEM_NEW^2021-10-24 07:34:26^3033568183^^
^PW-2025-剑川县沙溪镇派出所_582-剑川沙溪-7662^53996317^53976003^^^^^2027^57918829^56381976^-577942559^PW-2025-剑川县沙溪镇派出所_582-剑川沙溪-7662^1^^5^66^^^0^0^53935982^^^^^PW-2025-剑川县沙溪镇派出所_582-剑川沙溪-7662^5329ZTCS1ESP0811141660PAA^^^^^^^^^^PW-2025-剑川县沙溪镇派出所_582-剑川沙溪-7662^5329ZTCS1PSW4506RW4NR7ZQ^通道AZ端网元与伪线AZ端网元一致，且通道中关联伪线ID为空，且通道Z端端口和伪线端口均在业务接入点表中^0^2020-07-21 13:09:36^SYSTEM_NEW^2018-12-20 00:55:50^SYSTEM_NEW^2020-07-21 13:09:36^3033568345^^
^PW-2025-剑川县沙溪镇派出所_582-剑川沙溪-7662^53996317^53976003^^^^^2027^57918829^56381976^-577942559^PW-2025-剑川县沙溪镇派出所_582-剑川沙溪-7662^1^^5^66^^^0^0^53935982^^^^^PW-2025-剑川县沙溪镇派出所_582-剑川沙溪-7662^5329ZTCS1ESP0811141660PAA^^^^^^^^^^PW-2025-剑川县沙溪镇派出所_582-剑川沙溪-7662^5329ZTCS1PSW4506RW4NR7ZQ^通道AZ端网元与伪线AZ端网元一致，且通道中关联伪线ID为空，且通道Z端端口和伪线端口均在业务接入点表中^0^2020-07-21 13:09:36^SYSTEM_NEW^2018-12-20 00:55:50^SYSTEM_NEW^2020-07-21 13:09:36^3033568346^^
^30-大关县龙洞_HX<->138-大关县玉碗_HJ^53975328^53975297^--^--^^^2196^-1792565256^-648518173^-575483566^30-大关县龙洞_HX<->138-大关县玉碗_HJ^1^^16^132^^^0^0^53936000^^^201-208,211-212,220,700,999^211,700,999^30-大关县龙洞_HX<->138-大关县玉碗_HJ^5306HWCSTESP1de6313a2379fe83^^^^^^^^^^30-大关县龙洞_HX<->138-大关县玉碗_HJ^5306HWCSTPSW87752554c410f91e^通道AZ端网元与伪线AZ端网元一致，且通道中关联伪线ID为空，且通道Z端端口和伪线端口均在业务接入点表中^0^2020-08-10 17:05:18^SYSTEM_NEW^2018-12-20 09:07:10^SYSTEM_NEW^2020-08-10 17:05:18^3033568347^^
^PW-集客专线-7304-大理不动产登记中心机房(集客)-933-下关开发区管委大楼（集客）^-1698935870^53976990^^^^^2189^-1698123162^57125549^-577922802^PW-集客专线-7304-大理不动产登记中心机房(集客)-933-下关开发区管委大楼（集客）^1^^5^62^^^0^0^53935982^^^^^PW-集客专线-7304-大理不动产登记中心机房(集客)-933-下关开发区管委大楼（集客）^5329ZTCS1ESP1578873085PAB^^^^^^^^^^PW-集客专线-7304-大理不动产登记中心机房(集客)-933-下关开发区管委大楼（集客）^5329ZTCS1PSW4506RW4NV7ID^通道AZ端网元与伪线AZ端网元一致，且通道中关联伪线ID为空，且通道Z端端口和伪线端口均在业务接入点表中^0^2020-07-21 13:08:57^SYSTEM_NEW^2018-12-20 00:55:58^SYSTEM_NEW^2020-07-21 13:08:57^3033568348^^
^PW-全业务-213-六库片马邮电局6300_HJ-695-泸水市片马岗房6220_B^53976099^145789861^^^^^2025^-926708362^145754966^4757116206^PW-全业务-213-六库片马邮电局6300_HJ-695-泸水市片马岗房6220_B^1^^15^130^^^0^0^53935991^^^602^^PW-全业务-213-六库片马邮电局6300_HJ-695-泸水市片马岗房6220_B^5333ZTCS1ESP0229301588PCQ^^^^^^^^^^PW-全业务-213-六库片马邮电局6300_HJ-695-泸水市片马岗房6220_B^5333ZTCS1PSW4553NUR3HWUY^通道AZ端网元与伪线AZ端网元一致，且通道中关联伪线ID为空，且通道Z端端口和伪线端口均在业务接入点表中^0^2021-12-24 21:43:52^SYSTEM_NEW^2019-08-04 18:45:22^SYSTEM_NEW^2021-12-24 21:43:52^3033568350^^
^DNI:PW-6980-弥渡县新移动6500-L2/L3主_HX_7069-弥渡县老移动6500-L2/L3备_HX-144691^-1775812139^-1756836765^^^^^^2167126122^2167126126^4854327340^^1^^5^67^^^0^0^53935982^^^29^29^DNI:PW-6980-弥渡县新移动6500-L2/L3主_HX_7069-弥渡县老移动6500-L2/L3备_HX-144691^5329ZTCS1ESP16110791774GYXWD^^^^^^^^^^DNI:PW-6980-弥渡县新移动6500-L2/L3主_HX_7069-弥渡县老移动6500-L2/L3备_HX-144691^5329ZTCS1PSW4506RW4NYE4V^^0^2021-12-29 00:27:45^SYSTEM_NEW^2021-12-18 22:35:05^SYSTEM_NEW^2021-12-29 00:27:45^4854256547^^
^PW-W-9112-弥渡县弥城供电所_B^-1129531869^-1775812139^^^^^^-1128176163^2167126120^4854332494^^1^^5^67^^^0^0^53935982^^^2019^2019^PW-W-9112-弥渡县弥城供电所_B^5329ZTCS1ESP00180818556MM9K3^^^^^^^^^^PW-W-9112-弥渡县弥城供电所_B^5329ZTCS1PSW4506RW4NYELK^^0^2021-12-29 00:27:45^SYSTEM_NEW^2021-12-18 22:35:05^SYSTEM_NEW^2021-12-29 00:27:45^4854256548^^
^PW-W-3648-弥渡县青峰村_B^145496220^-1775812139^^^^^^145731409^2167126122^4854326673^^1^^5^67^^^0^0^53935982^^^131^131^PW-W-3648-弥渡县青峰村_B^5329ZTCS1ESP2059777298PAX^^^^^^^^^^PW-W-3648-弥渡县青峰村_B^5329ZTCS1PSW4506RW4NYEPD^^0^2021-12-29 00:27:45^SYSTEM_NEW^2021-12-18 22:35:05^SYSTEM_NEW^2021-12-29 00:27:45^4854256549^^
^PW -P-9593-弥渡县德苴大丫口村_B^-277310243^-1756836765^^^^^^-277265299^2167126124^4854327436^^1^^5^67^^^0^0^53935982^^^2115^2115^PW -P-9593-弥渡县德苴大丫口村_B^5329ZTCS1ESP14489949426QD45F^^^^^^^^^^PW -P-9593-弥渡县德苴大丫口村_B^5329ZTCS1PSW4506RW4NYER6^^0^2021-12-29 00:27:45^SYSTEM_NEW^2021-12-18 22:35:05^SYSTEM_NEW^2021-12-29 00:27:45^4854256550^^
^PW -P-2606-弥渡县弥城马官厂村^54018767^-1756836765^^^^^^58359154^2167126126^4854325320^^1^^5^67^^^0^0^53935982^^^122^122^PW -P-2606-弥渡县弥城马官厂村^5329ZTCS1ESP0727573326PAV^^^^^^^^^^PW -P-2606-弥渡县弥城马官厂村^5329ZTCS1PSW4506RW4NYESU^^0^2021-12-29 00:27:45^SYSTEM_NEW^2021-12-18 22:35:05^SYSTEM_NEW^2021-12-29 00:27:45^4854256551^^
^PW-W-932-弥渡县县城西_B^53976993^-1775812139^^^^^^57118948^2167126122^4854323037^^1^^5^67^^^0^0^53935982^^^117^117^PW-W-932-弥渡县县城西_B^5329ZTCS1ESP0141754065PAI^^^^^^^^^^PW-W-932-弥渡县县城西_B^5329ZTCS1PSW4506RW4NYETH^^0^2021-12-29 00:27:45^SYSTEM_NEW^2021-12-18 22:35:05^SYSTEM_NEW^2021-12-29 00:27:45^4854256552^^
^PW-W-2418-弥渡县太平^54022747^-1775812139^^^^^^58178550^2167126120^4854333204^^1^^5^67^^^0^0^53935982^^^2098^2098^PW-W-2418-弥渡县太平^5329ZTCS1ESP1174336650PAO^^^^^^^^^^PW-W-2418-弥渡县太平^5329ZTCS1PSW4506RW4NYEUT^^0^2021-12-29 00:27:45^SYSTEM_NEW^2021-12-18 22:35:05^SYSTEM_NEW^2021-12-29 00:27:45^4854256553^^
^PW-W-371-鹤庆县花园小区^53976124^-1839238576^^^^^^56373463^-453447555^4854330239^^1^^5^65^^^0^0^53935982^^^1008^1008^PW-W-371-鹤庆县花园小区^5329ZTCS1ESP0339595804PAR^^^^^^^^^^PW-W-371-鹤庆县花园小区^5329ZTCS1PSW4506RW4NYF59^^0^2021-12-29 00:27:45^SYSTEM_NEW^2021-12-18 22:35:05^SYSTEM_NEW^2021-12-29 00:27:45^4854256554^^
^5865-楚雄市移动大楼集客落地二（备）_HX<->5902-楚雄市鹿城南路626号(自来水厂)^-1128474154^-675243967^--^--^^^2054^-1119219040^-675204428^-576033181^5865-楚雄市移动大楼集客落地二（备）_HX<->5902-楚雄市鹿城南路626号(自来水厂)^1^^6^74^^^0^0^53935989^^^--^--^5865-楚雄市移动大楼集客落地二（备）_HX<->5902-楚雄市鹿城南路626号(自来水厂)^5323HWCSTESPdc397b0dd0156deb^^^^^^^^^^5865-楚雄市移动大楼集客落地二（备）_HX<->5902-楚雄市鹿城南路626号(自来水厂)^5323HWCSTPSW3ab97c2252b5bf5b^通道AZ端网元与伪线AZ端网元一致，且通道中关联伪线ID为空，且通道A端端口和伪线端口均在业务接入点表中^0^2020-08-10 16:13:09^SYSTEM_NEW^2019-04-06 18:31:57^SYSTEM_NEW^2020-08-10 16:13:09^3033567845^^
^PW-1843-红河州红河县公安局_2855-红河县伊萨土台-231063^53991128^53990836^^^^^2221^57763808^54834771^-577485360^PW-1843-红河州红河县公安局_2855-红河县伊萨土台-231063^1^^10^41^^^0^0^53935998^^^^^PW-1843-红河州红河县公安局_2855-红河县伊萨土台-231063^5325ZTCS1ESP0643819238PAD^^^^^^^^^^PW-1843-红河州红河县公安局_2855-红河县伊萨土台-231063^5325ZTCS1PSW446GZWG1GU8T^通道AZ端网元与伪线AZ端网元一致，且通道中关联伪线ID为空，且通道Z端端口和伪线端口均在业务接入点表中^0^2020-07-21 14:09:59^SYSTEM_NEW^2018-12-20 02:42:00^SYSTEM_NEW^2020-07-21 14:09:59^3033567846^^
^W:PW-20-移动大楼9008-1_194-景洪市观光酒店-ZX-PTN-57573^53968108^53967335^^^^^366261^57070049^56350467^4738621153^W:PW-20-移动大楼9008-1_194-景洪市观光酒店-ZX-PTN-57573^1^^13^111^^^0^0^53935987^^^99^99^W:PW-20-移动大楼9008-1_194-景洪市观光酒店-ZX-PTN-57573^5328ZTCS1ESP1611615496PMJ^^^^^^^^^^W:PW-20-移动大楼9008-1_194-景洪市观光酒店-ZX-PTN-57573^5328ZTCS1PSW4578R3OODYDA^通道AZ端网元与伪线AZ端网元一致，且通道中关联伪线ID为空，且通道Z端端口和伪线端口均在业务接入点表中^0^2021-12-28 13:38:13^SYSTEM_NEW^2018-12-19 21:40:08^SYSTEM_NEW^2021-12-28 13:38:13^3033567847^^
^W:PW-20-移动大楼9008-1_194-景洪市观光酒店-ZX-PTN-57573^53968108^53967335^^^^^366261^56323719^56352562^-578736004^W:PW-20-移动大楼9008-1_194-景洪市观光酒店-ZX-PTN-57573^1^^13^111^^^0^0^53935987^^^99^99^W:PW-20-移动大楼9008-1_194-景洪市观光酒店-ZX-PTN-57573^5328ZTCS1ESP1611615496PMJ^^^^^^^^^^W:PW-20-移动大楼9008-1_194-景洪市观光酒店-ZX-PTN-57573^5328ZTCS1PSW4578R3OODYDA^通道AZ端网元与伪线AZ端网元一致，且通道中关联伪线ID为空，且通道Z端端口和伪线端口均在业务接入点表中^0^2020-07-21 11:14:53^SYSTEM_NEW^2018-12-19 21:40:08^SYSTEM_NEW^2020-07-21 11:14:53^3033567848^^
^5865-楚雄市移动大楼集客落地二（备）_HX<->4002-楚雄市北浦路_HJ^-1128474154^53972330^--^--^^^2054^-1119219040^-1906606642^-576032877^5865-楚雄市移动大楼集客落地二（备）_HX<->4002-楚雄市北浦路_HJ^1^^6^74^^^0^0^53935989^^^--^--^5865-楚雄市移动大楼集客落地二（备）_HX<->4002-楚雄市北浦路_HJ^5323HWCSTESPdc397b0dd0156deb^^^^^^^^^^5865-楚雄市移动大楼集客落地二（备）_HX<->4002-楚雄市北浦路_HJ^5323HWCSTPSW7026eb2b332d95f5^通道AZ端网元与伪线AZ端网元一致，且通道中关联伪线ID为空，且通道Z端端口和伪线端口均在业务接入点表中^0^2020-08-10 16:13:09^SYSTEM_NEW^2019-04-06 18:31:55^SYSTEM_NEW^2020-08-10 16:13:09^3033567849^^
^5865-楚雄市移动大楼集客落地二（备）_HX<->4002-楚雄市北浦路_HJ^-1128474154^53972330^--^--^^^2054^-701377764^56477954^-576032877^5865-楚雄市移动大楼集客落地二（备）_HX<->4002-楚雄市北浦路_HJ^1^^6^74^^^0^0^53935989^^^--^--^5865-楚雄市移动大楼集客落地二（备）_HX<->4002-楚雄市北浦路_HJ^5323HWCSTESPdc397b0dd0156deb^^^^^^^^^^5865-楚雄市移动大楼集客落地二（备）_HX<->4002-楚雄市北浦路_HJ^5323HWCSTPSW7026eb2b332d95f5^通道AZ端网元与伪线AZ端网元一致，且通道中关联伪线ID为空，且通道Z端端口和伪线端口均在业务接入点表中^0^2020-07-21 16:36:23^SYSTEM_NEW^2019-04-06 18:31:55^SYSTEM_NEW^2020-07-21 16:36:23^3033567850^^
^5865-楚雄市移动大楼集客落地二（备）_HX<->4002-楚雄市北浦路_HJ^-1128474154^53972330^--^--^^^2054^-701377764^56477958^-576032877^5865-楚雄市移动大楼集客落地二（备）_HX<->4002-楚雄市北浦路_HJ^1^^6^74^^^0^0^53935989^^^--^--^5865-楚雄市移动大楼集客落地二（备）_HX<->4002-楚雄市北浦路_HJ^5323HWCSTESPdc397b0dd0156deb^^^^^^^^^^5865-楚雄市移动大楼集客落地二（备）_HX<->4002-楚雄市北浦路_HJ^5323HWCSTPSW7026eb2b332d95f5^通道AZ端网元与伪线AZ端网元一致，且通道中关联伪线ID为空，且通道Z端端口和伪线端口均在业务接入点表中^0^2020-07-21 16:36:23^SYSTEM_NEW^2019-04-06 18:31:55^SYSTEM_NEW^2020-07-21 16:36:23^3033567851^^
^5865-楚雄市移动大楼集客落地二（备）_HX<->4002-楚雄市北浦路_HJ^-1128474154^53972330^--^--^^^2054^-701377764^56477954^-576032877^5865-楚雄市移动大楼集客落地二（备）_HX<->4002-楚雄市北浦路_HJ^1^^6^74^^^0^0^53935989^^^--^--^5865-楚雄市移动大楼集客落地二（备）_HX<->4002-楚雄市北浦路_HJ^5323HWCSTESPdc397b0dd0156deb^^^^^^^^^^5865-楚雄市移动大楼集客落地二（备）_HX<->4002-楚雄市北浦路_HJ^5323HWCSTPSW7026eb2b332d95f5^通道AZ端网元与伪线AZ端网元一致，且通道中关联伪线ID为空，且通道A端端口和伪线端口均在业务接入点表中^0^2020-07-21 16:36:23^SYSTEM_NEW^2019-04-06 18:31:55^SYSTEM_NEW^2020-07-21 16:36:23^3033567852^^
^5865-楚雄市移动大楼集客落地二（备）_HX<->4002-楚雄市北浦路_HJ^-1128474154^53972330^--^--^^^2054^-701377764^56477503^-576032877^5865-楚雄市移动大楼集客落地二（备）_HX<->4002-楚雄市北浦路_HJ^1^^6^74^^^0^0^53935989^^^--^--^5865-楚雄市移动大楼集客落地二（备）_HX<->4002-楚雄市北浦路_HJ^5323HWCSTESPdc397b0dd0156deb^^^^^^^^^^5865-楚雄市移动大楼集客落地二（备）_HX<->4002-楚雄市北浦路_HJ^5323HWCSTPSW7026eb2b332d95f5^通道AZ端网元与伪线AZ端网元一致，且通道中关联伪线ID为空，且通道A端端口和伪线端口均在业务接入点表中^0^2020-07-21 16:36:23^SYSTEM_NEW^2019-04-06 18:31:55^SYSTEM_NEW^2020-07-21 16:36:23^3033567853^^
^5865-楚雄市移动大楼集客落地二（备）_HX<->4002-楚雄市北浦路_HJ^-1128474154^53972330^--^--^^^2054^-701377764^56477958^-576032877^5865-楚雄市移动大楼集客落地二（备）_HX<->4002-楚雄市北浦路_HJ^1^^6^74^^^0^0^53935989^^^--^--^5865-楚雄市移动大楼集客落地二（备）_HX<->4002-楚雄市北浦路_HJ^5323HWCSTESPdc397b0dd0156deb^^^^^^^^^^5865-楚雄市移动大楼集客落地二（备）_HX<->4002-楚雄市北浦路_HJ^5323HWCSTPSW7026eb2b332d95f5^通道AZ端网元与伪线AZ端网元一致，且通道中关联伪线ID为空，且通道A端端口和伪线端口均在业务接入点表中^0^2020-07-21 16:36:23^SYSTEM_NEW^2019-04-06 18:31:55^SYSTEM_NEW^2020-07-21 16:36:23^3033567854^^
^19-513-永德县户乃大坝子<->19-121-永德县新大楼_HX^0^0^--^--^^^366359^0^0^3962737114^19-513-永德县户乃大坝子<->19-121-永德县新大楼_HX^1^^12^0^^^0^0^53936001^^^101^101^19-513-永德县户乃大坝子<->19-121-永德县新大楼_HX^5309HWCSTETPa9840fe0725cf51a^^^^^^^^^^19-513-永德县户乃大坝子<->19-121-永德县新大楼_HX^5309HWCSTPSW277f036dddfb8eba^通道AZ端网元与伪线ZA端网元一致，且通道中关联伪线ID为空，且通道Z端端口和伪线端口均在业务接入点表中^0^2021-06-17 05:13:31^SYSTEM_NEW^2018-12-20 07:56:20^SYSTEM_NEW^2021-06-17 05:13:31^3033568015^^
^PW-全业务-芒市移动新局6FWLAN^53968268^53967688^^^^^3096833^56349871^56355979^4880982843^PW-全业务-芒市移动新局6FWLAN^1^^11^98^^^0^0^53935990^^^15^15^PW-全业务-芒市移动新局6FWLAN^5331ZTCS2ESP1834472379PAF^^^^^^^^^^PW-全业务-芒市移动新局6FWLAN^5331ZTCS2PSW4556GJD9PVUI^通道AZ端网元与伪线ZA端网元一致，且通道中关联伪线ID为空，且通道Z端端口和伪线端口均在业务接入点表中^0^2021-12-28 22:22:14^SYSTEM_NEW^2018-12-19 23:24:39^SYSTEM_NEW^2021-12-28 22:22:14^3033568016^^
^PW-全业务-芒市移动新局6FWLAN^53968268^53967688^^^^^3096833^56355346^56353422^-578285761^PW-全业务-芒市移动新局6FWLAN^1^^11^98^^^0^0^53935990^^^15^15^PW-全业务-芒市移动新局6FWLAN^5331ZTCS2ESP1834472379PAF^^^^^^^^^^PW-全业务-芒市移动新局6FWLAN^5331ZTCS2PSW4556GJD9PVUI^通道AZ端网元与伪线ZA端网元一致，且通道中关联伪线ID为空，且通道Z端端口和伪线端口均在业务接入点表中^0^2020-07-21 12:27:30^SYSTEM_NEW^2018-12-19 23:24:39^SYSTEM_NEW^2020-07-21 12:27:30^3033568017^^
^PW-20-移动大楼1-ZX-PTN_156-景兰国际-ZX-PTN-2317^53967778^53968108^^^^^366261^56357462^57070049^4738615996^PW-20-移动大楼1-ZX-PTN_156-景兰国际-ZX-PTN-2317^1^^13^111^^^0^0^53935987^^^99^99^PW-20-移动大楼1-ZX-PTN_156-景兰国际-ZX-PTN-2317^5328ZTCS1ESP0940261193PB3^^^^^^^^^^PW-20-移动大楼1-ZX-PTN_156-景兰国际-ZX-PTN-2317^5328ZTCS1PSW454F1COB2J90^通道AZ端网元与伪线ZA端网元一致，且通道中关联伪线ID为空，且通道Z端端口和伪线端口均在业务接入点表中^0^2021-12-28 13:37:28^SYSTEM_NEW^2018-12-19 21:40:26^SYSTEM_NEW^2021-12-28 13:37:28^3033568018^^
^PW-20-移动大楼1-ZX-PTN_156-景兰国际-ZX-PTN-2317^53967778^53968108^^^^^366261^56359645^56323719^-578734928^PW-20-移动大楼1-ZX-PTN_156-景兰国际-ZX-PTN-2317^1^^13^111^^^0^0^53935987^^^99^99^PW-20-移动大楼1-ZX-PTN_156-景兰国际-ZX-PTN-2317^5328ZTCS1ESP0940261193PB3^^^^^^^^^^PW-20-移动大楼1-ZX-PTN_156-景兰国际-ZX-PTN-2317^5328ZTCS1PSW454F1COB2J90^通道AZ端网元与伪线ZA端网元一致，且通道中关联伪线ID为空，且通道Z端端口和伪线端口均在业务接入点表中^0^2020-07-21 11:14:51^SYSTEM_NEW^2018-12-19 21:40:26^SYSTEM_NEW^2020-07-21 11:14:51^3033568019^^
^PW-3934-石屏工商银行（新）_47-红河州石屏县后所村9004-183765^214823887^53968387^^^^^2315^215116547^1079809278^3961464930^PW-3934-石屏工商银行（新）_47-红河州石屏县后所村9004-183765^1^^10^38^^^0^0^53935998^^^30^30^PW-3934-石屏工商银行（新）_47-红河州石屏县后所村9004-183765^5325ZTCS1ESP1560457397PAI^^^^^^^^^^PW-3934-石屏工商银行（新）_47-红河州石屏县后所村9004-183765^5325ZTCS1PSW446GZWG181UG^通道AZ端网元与伪线ZA端网元一致，且通道中关联伪线ID为空，且通道Z端端口和伪线端口均在业务接入点表中^0^2021-12-27 01:15:25^SYSTEM_NEW^2018-12-20 02:41:38^SYSTEM_NEW^2021-12-27 01:15:25^3033568020^^
^PW-3934-石屏工商银行（新）_47-红河州石屏县后所村9004-183765^214823887^53968387^^^^^2315^215116548^57097499^-577478152^PW-3934-石屏工商银行（新）_47-红河州石屏县后所村9004-183765^1^^10^38^^^0^0^53935998^^^30^30^PW-3934-石屏工商银行（新）_47-红河州石屏县后所村9004-183765^5325ZTCS1ESP1560457397PAI^^^^^^^^^^PW-3934-石屏工商银行（新）_47-红河州石屏县后所村9004-183765^5325ZTCS1PSW446GZWG181UG^通道AZ端网元与伪线ZA端网元一致，且通道中关联伪线ID为空，且通道Z端端口和伪线端口均在业务接入点表中^0^2020-07-21 14:09:34^SYSTEM_NEW^2018-12-20 02:41:38^SYSTEM_NEW^2020-07-21 14:09:34^3033568021^^
^DNI:PW-6126-鹤庆县新移动6500-L2L3备_HX_6137-鹤庆县花树村6500-L2L3主_HX-164075^-1872825676^-1872825696^^^^^^2239572758^2239572762^4854332177^^1^^5^65^^^0^0^53935982^^^2226^2226^DNI:PW-6126-鹤庆县新移动6500-L2L3备_HX_6137-鹤庆县花树村6500-L2L3主_HX-164075^5329ZTCS1ESP04313785596UP19U^^^^^^^^^^DNI:PW-6126-鹤庆县新移动6500-L2L3备_HX_6137-鹤庆县花树村6500-L2L3主_HX-164075^5329ZTCS1PSW4506RW4NYSDN^^0^2021-12-29 00:27:39^SYSTEM_NEW^2021-12-18 22:35:05^SYSTEM_NEW^2021-12-29 00:27:39^4854256453^^
^PW -P-2920-洱源县乔后丰乐2_B^54028995^2938097781^^^^^^55209093^2994803354^4854342124^^1^^5^64^^^0^0^53935982^^^102^102^PW -P-2920-洱源县乔后丰乐2_B^5329ZTCS1ESP2119280327PAP^^^^^^^^^^PW -P-2920-洱源县乔后丰乐2_B^5329ZTCS1PSW4506RW4NZ52A^^0^2021-12-29 00:28:07^SYSTEM_NEW^2021-12-18 22:35:05^SYSTEM_NEW^2021-12-29 00:28:07^4854256454^^
^PW -P-4901-洱源县茈碧湖炼城村委会^904219129^2938097781^^^^^^1116421154^2994803320^4854334674^^1^^5^64^^^0^0^53935982^^^2112^2112^PW -P-4901-洱源县茈碧湖炼城村委会^5329ZTCS1ESP06298222606Q8WG0^^^^^^^^^^PW -P-4901-洱源县茈碧湖炼城村委会^5329ZTCS1PSW4506RW4NZ59O^^0^2021-12-29 00:28:07^SYSTEM_NEW^2021-12-18 22:35:05^SYSTEM_NEW^2021-12-29 00:28:07^4854256455^^
^DNI:PW-7076-洱源县老移动（城西）6500-L2L3备_HX_6661-洱源县新移动6500-L2L3主_HX-181377^2938097781^-1820371477^^^^^^2994803346^2445293629^4854337072^^1^^5^64^^^0^0^53935982^^^41^41^DNI:PW-7076-洱源县老移动（城西）6500-L2L3备_HX_6661-洱源县新移动6500-L2L3主_HX-181377^5329ZTCS1ESP02992254054HFSQ1^^^^^^^^^^DNI:PW-7076-洱源县老移动（城西）6500-L2L3备_HX_6661-洱源县新移动6500-L2L3主_HX-181377^5329ZTCS1PSW4506RW4NZ5CT^^0^2021-12-29 00:28:07^SYSTEM_NEW^2021-12-18 22:35:05^SYSTEM_NEW^2021-12-29 00:28:07^4854256456^^
^PW -P-6651-洱源县茈碧湖洱源县一中_B^-1820371481^2938097781^^^^^^-1813214339^2994803320^4854331438^^1^^5^64^^^0^0^53935982^^^2120^2120^PW -P-6651-洱源县茈碧湖洱源县一中_B^5329ZTCS1ESP14869121276QK4ZS^^^^^^^^^^PW -P-6651-洱源县茈碧湖洱源县一中_B^5329ZTCS1PSW4506RW4NZ5E0^^0^2021-12-29 00:28:07^SYSTEM_NEW^2021-12-18 22:35:05^SYSTEM_NEW^2021-12-29 00:28:07^4854256457^^
^PW -P-9047-洱源县茈碧湖官营6150^-1201634647^2938097781^^^^^^-1187348711^2994803354^4854330696^^1^^5^64^^^0^0^53935982^^^124^124^PW -P-9047-洱源县茈碧湖官营6150^5329ZTCS1ESP15418597414KODX8^^^^^^^^^^PW -P-9047-洱源县茈碧湖官营6150^5329ZTCS1PSW4506RW4NZ5GN^^0^2021-12-29 00:28:07^SYSTEM_NEW^2021-12-18 22:35:05^SYSTEM_NEW^2021-12-29 00:28:07^4854256458^^
^12192-牟定县电子政务网汇聚_Q<->12045-牟定县民政局^271835811^-213054133^--^--^^^^-1525470813^-213052323^2743673878^12192-牟定县电子政务网汇聚_Q<->12045-牟定县民政局^1^^6^77^^^0^0^53935989^^^--^32^12192-牟定县电子政务网汇聚_Q<->12045-牟定县民政局^5323HWCSTESP6ab3bfeeb6f9a7a2^^^^^^^^^^12192-牟定县电子政务网汇聚_Q<->12045-牟定县民政局^5323HWCSTPSW0e0a87a4a5078327^通道AZ端网元与伪线AZ端网元一致，且通道中关联伪线ID为空，且通道Z端端口和伪线端口均在业务接入点表中^0^2020-08-10 16:13:09^SYSTEM_NEW^2020-04-04 14:21:59^SYSTEM_NEW^2020-08-10 16:13:09^3033568184^^
^12192-牟定县电子政务网汇聚_Q<->12045-牟定县民政局^271835811^-213054133^--^--^^^^271837138^-213052318^2743673878^12192-牟定县电子政务网汇聚_Q<->12045-牟定县民政局^1^^6^77^^^0^0^53935989^^^--^32^12192-牟定县电子政务网汇聚_Q<->12045-牟定县民政局^5323HWCSTESP6ab3bfeeb6f9a7a2^^^^^^^^^^12192-牟定县电子政务网汇聚_Q<->12045-牟定县民政局^5323HWCSTPSW0e0a87a4a5078327^通道AZ端网元与伪线AZ端网元一致，且通道中关联伪线ID为空，且通道A端端口和伪线端口均在业务接入点表中^0^2020-07-21 16:36:24^SYSTEM_NEW^2020-04-04 14:21:59^SYSTEM_NEW^2020-07-21 16:36:24^3033568185^^
^PW-1794-红河州泸西县农村信用合作联社(总部)_Q_3330-红河州泸西县教育城域网中心机房_Q-182615^53990674^54065484^30000^30000^^^366312^57766075^55320150^3961460216^PW-1794-红河州泸西县农村信用合作联社(总部)_Q_3330-红河州泸西县教育城域网中心机房_Q-182615^1^^10^31^^^0^0^53935998^^^^^PW-1794-红河州泸西县农村信用合作联社(总部)_Q_3330-红河州泸西县教育城域网中心机房_Q-182615^5325ZTCS1ESP1093866239PAC^^^^^^^^^^PW-1794-红河州泸西县农村信用合作联社(总部)_Q_3330-红河州泸西县教育城域网中心机房_Q-182615^5325ZTCS1PSW446GZWG17O49^通道AZ端网元与伪线AZ端网元一致，且通道中关联伪线ID为空，且通道Z端端口和伪线端口均在业务接入点表中^0^2021-12-27 01:15:26^SYSTEM_NEW^2018-12-20 02:41:34^SYSTEM_NEW^2021-12-27 01:15:26^3033568186^^
^PW-20-移动大楼1-ZX-PTN_78-邮电大厦-ZX-PTN-4259^53968108^53967673^^^^^366261^57070049^56311153^4738614947^PW-20-移动大楼1-ZX-PTN_78-邮电大厦-ZX-PTN-4259^1^^13^111^^^0^0^53935987^^^99^99^PW-20-移动大楼1-ZX-PTN_78-邮电大厦-ZX-PTN-4259^5328ZTCS1ESP1611615496PMJ^^^^^^^^^^PW-20-移动大楼1-ZX-PTN_78-邮电大厦-ZX-PTN-4259^5328ZTCS1PSW454F1COB2LER^通道AZ端网元与伪线AZ端网元一致，且通道中关联伪线ID为空，且通道Z端端口和伪线端口均在业务接入点表中^0^2021-12-28 13:37:26^SYSTEM_NEW^2018-12-19 21:40:26^SYSTEM_NEW^2021-12-28 13:37:26^3033568187^^
^PW-20-移动大楼1-ZX-PTN_78-邮电大厦-ZX-PTN-4259^53968108^53967673^^^^^366261^56323719^56322598^-578736582^PW-20-移动大楼1-ZX-PTN_78-邮电大厦-ZX-PTN-4259^1^^13^111^^^0^0^53935987^^^99^99^PW-20-移动大楼1-ZX-PTN_78-邮电大厦-ZX-PTN-4259^5328ZTCS1ESP1611615496PMJ^^^^^^^^^^PW-20-移动大楼1-ZX-PTN_78-邮电大厦-ZX-PTN-4259^5328ZTCS1PSW454F1COB2LER^通道AZ端网元与伪线AZ端网元一致，且通道中关联伪线ID为空，且通道Z端端口和伪线端口均在业务接入点表中^0^2020-07-21 11:14:48^SYSTEM_NEW^2018-12-19 21:40:26^SYSTEM_NEW^2020-07-21 11:14:48^3033568188^^
^PW-41-勐海老营业厅-ZX-PTN_20-移动大楼1-ZX-PTN-2190^53968108^53967510^^^^^366261^57070049^56319583^4738623734^PW-41-勐海老营业厅-ZX-PTN_20-移动大楼1-ZX-PTN-2190^1^^13^111^^^0^0^53935987^^^95^95^PW-41-勐海老营业厅-ZX-PTN_20-移动大楼1-ZX-PTN-2190^5328ZTCS1ESP1611615496PM3^^^^^^^^^^PW-41-勐海老营业厅-ZX-PTN_20-移动大楼1-ZX-PTN-2190^5328ZTCS1PSW454F1COB2K7I^通道AZ端网元与伪线AZ端网元一致，且通道中关联伪线ID为空，且通道Z端端口和伪线端口均在业务接入点表中^0^2021-12-28 13:37:19^SYSTEM_NEW^2018-12-19 21:40:11^SYSTEM_NEW^2021-12-28 13:37:19^3033568189^^
^PW-41-勐海老营业厅-ZX-PTN_20-移动大楼1-ZX-PTN-2190^53968108^53967510^^^^^366261^56323719^56325757^-578725701^PW-41-勐海老营业厅-ZX-PTN_20-移动大楼1-ZX-PTN-2190^1^^13^111^^^0^0^53935987^^^95^95^PW-41-勐海老营业厅-ZX-PTN_20-移动大楼1-ZX-PTN-2190^5328ZTCS1ESP1611615496PM3^^^^^^^^^^PW-41-勐海老营业厅-ZX-PTN_20-移动大楼1-ZX-PTN-2190^5328ZTCS1PSW454F1COB2K7I^通道AZ端网元与伪线AZ端网元一致，且通道中关联伪线ID为空，且通道Z端端口和伪线端口均在业务接入点表中^0^2020-07-21 11:14:47^SYSTEM_NEW^2018-12-19 21:40:11^SYSTEM_NEW^2020-07-21 11:14:47^3033568190^^
^PW-41-勐海老营业厅-ZX-PTN_20-移动大楼1-ZX-PTN-2190^53968108^53967510^^^^^366261^56323719^56358986^-578725701^PW-41-勐海老营业厅-ZX-PTN_20-移动大楼1-ZX-PTN-2190^1^^13^111^^^0^0^53935987^^^95^95^PW-41-勐海老营业厅-ZX-PTN_20-移动大楼1-ZX-PTN-2190^5328ZTCS1ESP1611615496PM3^^^^^^^^^^PW-41-勐海老营业厅-ZX-PTN_20-移动大楼1-ZX-PTN-2190^5328ZTCS1PSW454F1COB2K7I^通道AZ端网元与伪线AZ端网元一致，且通道中关联伪线ID为空，且通道Z端端口和伪线端口均在业务接入点表中^0^2020-07-21 11:14:47^SYSTEM_NEW^2018-12-19 21:40:11^SYSTEM_NEW^2020-07-21 11:14:47^3033568191^^
^PW-41-勐海老营业厅-ZX-PTN_20-移动大楼1-ZX-PTN-2190^53968108^53967510^^^^^366261^56323719^56358986^-578725701^PW-41-勐海老营业厅-ZX-PTN_20-移动大楼1-ZX-PTN-2190^1^^13^111^^^0^0^53935987^^^95^95^PW-41-勐海老营业厅-ZX-PTN_20-移动大楼1-ZX-PTN-2190^5328ZTCS1ESP1611615496PM3^^^^^^^^^^PW-41-勐海老营业厅-ZX-PTN_20-移动大楼1-ZX-PTN-2190^5328ZTCS1PSW454F1COB2K7I^通道AZ端网元与伪线AZ端网元一致，且通道中关联伪线ID为空，且通道Z端端口和伪线端口均在业务接入点表中^0^2020-07-21 11:14:47^SYSTEM_NEW^2018-12-19 21:40:11^SYSTEM_NEW^2020-07-21 11:14:47^3033568192^^
^PW-41-勐海老营业厅-ZX-PTN_20-移动大楼1-ZX-PTN-2190^53968108^53967510^^^^^366261^56323719^56358987^-578725701^PW-41-勐海老营业厅-ZX-PTN_20-移动大楼1-ZX-PTN-2190^1^^13^111^^^0^0^53935987^^^95^95^PW-41-勐海老营业厅-ZX-PTN_20-移动大楼1-ZX-PTN-2190^5328ZTCS1ESP1611615496PM3^^^^^^^^^^PW-41-勐海老营业厅-ZX-PTN_20-移动大楼1-ZX-PTN-2190^5328ZTCS1PSW454F1COB2K7I^通道AZ端网元与伪线AZ端网元一致，且通道中关联伪线ID为空，且通道Z端端口和伪线端口均在业务接入点表中^0^2020-07-21 11:14:47^SYSTEM_NEW^2018-12-19 21:40:11^SYSTEM_NEW^2020-07-21 11:14:47^3033568193^^
^PW-41-勐海老营业厅-ZX-PTN_20-移动大楼1-ZX-PTN-2190^53968108^53967510^^^^^366261^56323719^56358987^-578725701^PW-41-勐海老营业厅-ZX-PTN_20-移动大楼1-ZX-PTN-2190^1^^13^111^^^0^0^53935987^^^95^95^PW-41-勐海老营业厅-ZX-PTN_20-移动大楼1-ZX-PTN-2190^5328ZTCS1ESP1611615496PM3^^^^^^^^^^PW-41-勐海老营业厅-ZX-PTN_20-移动大楼1-ZX-PTN-2190^5328ZTCS1PSW454F1COB2K7I^通道AZ端网元与伪线AZ端网元一致，且通道中关联伪线ID为空，且通道Z端端口和伪线端口均在业务接入点表中^0^2020-07-21 11:14:47^SYSTEM_NEW^2018-12-19 21:40:11^SYSTEM_NEW^2020-07-21 11:14:47^3033568194^^
^PW -P-2194-大理市火车站^53976631^146612575^^^^^^57992148^-395384872^4854309625^^1^^5^62^^^0^0^53935982^^^2234^2234^PW -P-2194-大理市火车站^5329ZTCS1ESP0067895127PAR^^^^^^^^^^PW -P-2194-大理市火车站^5329ZTCS1PSW4506RW4NYF91^^0^2021-12-29 00:27:45^SYSTEM_NEW^2021-12-18 22:35:05^SYSTEM_NEW^2021-12-29 00:27:45^4854256555^^
^DNI:PW-6126-鹤庆县新移动6500-L2L3备_HX_6137-鹤庆县花树村6500-L2L3主_HX-168046^-1872825676^-1872825696^^^^^^2341620065^2341620098^4854332177^^1^^5^65^^^0^0^53935982^^^143^143^DNI:PW-6126-鹤庆县新移动6500-L2L3备_HX_6137-鹤庆县花树村6500-L2L3主_HX-168046^5329ZTCS1ESP04313784974LF2Q7^^^^^^^^^^DNI:PW-6126-鹤庆县新移动6500-L2L3备_HX_6137-鹤庆县花树村6500-L2L3主_HX-168046^5329ZTCS1PSW4506RW4NYUKP^^0^2021-12-29 00:27:22^SYSTEM_NEW^2021-12-18 22:35:05^SYSTEM_NEW^2021-12-29 00:27:22^4854256556^^
^DNI:PW-6126-鹤庆县新移动6500-L2L3备_HX_6137-鹤庆县花树村6500-L2L3主_HX-168087^-1872825676^-1872825696^^^^^^2341620065^2341620098^4854332177^^1^^5^65^^^0^0^53935982^^^145^145^DNI:PW-6126-鹤庆县新移动6500-L2L3备_HX_6137-鹤庆县花树村6500-L2L3主_HX-168087^5329ZTCS1ESP04313784974LHVV5^^^^^^^^^^DNI:PW-6126-鹤庆县新移动6500-L2L3备_HX_6137-鹤庆县花树村6500-L2L3主_HX-168087^5329ZTCS1PSW4506RW4NYUL9^^0^2021-12-29 00:27:22^SYSTEM_NEW^2021-12-18 22:35:05^SYSTEM_NEW^2021-12-29 00:27:22^4854256557^^
^PW-W-8389-鹤庆县黄坪镇上大平_B^-1503182228^-1872825696^^^^^^-1503074547^2341620098^4854331720^^1^^5^65^^^0^0^53935982^^^190^190^PW-W-8389-鹤庆县黄坪镇上大平_B^5329ZTCS1ESP10306900444N93GE^^^^^^^^^^PW-W-8389-鹤庆县黄坪镇上大平_B^5329ZTCS1PSW4506RW4NYULH^^0^2021-12-29 00:27:22^SYSTEM_NEW^2021-12-18 22:35:05^SYSTEM_NEW^2021-12-29 00:27:22^4854256558^^
^DNI:PW-6126-鹤庆县新移动6500-L2L3备_HX_6137-鹤庆县花树村6500-L2L3主_HX-168244^-1872825676^-1872825696^^^^^^2341620143^2341619989^4854332177^^1^^5^65^^^0^0^53935982^^^2047^2047^DNI:PW-6126-鹤庆县新移动6500-L2L3备_HX_6137-鹤庆县花树村6500-L2L3主_HX-168244^5329ZTCS1ESP04313783736NPLHB^^^^^^^^^^DNI:PW-6126-鹤庆县新移动6500-L2L3备_HX_6137-鹤庆县花树村6500-L2L3主_HX-168244^5329ZTCS1PSW4506RW4NYUO4^^0^2021-12-29 00:27:22^SYSTEM_NEW^2021-12-18 22:35:05^SYSTEM_NEW^2021-12-29 00:27:22^4854256559^^
^PW-W-7243-鹤庆县烟草公司6150_B^-1727640373^-1872825696^^^^^^-1727140668^2341619989^4854331821^^1^^5^65^^^0^0^53935982^^^2031^2031^PW-W-7243-鹤庆县烟草公司6150_B^5329ZTCS1ESP03274902746N34DR^^^^^^^^^^PW-W-7243-鹤庆县烟草公司6150_B^5329ZTCS1PSW4506RW4NYUO6^^0^2021-12-29 00:27:22^SYSTEM_NEW^2021-12-18 22:35:05^SYSTEM_NEW^2021-12-29 00:27:22^4854256560^^
^PW-W-6990-鹤庆县云鹤镇南园村2_B^-1775812128^-1872825696^^^^^^-1775106255^2341619989^4854332919^^1^^5^65^^^0^0^53935982^^^2032^2032^PW-W-6990-鹤庆县云鹤镇南园村2_B^5329ZTCS1ESP12831379526PTG6T^^^^^^^^^^PW-W-6990-鹤庆县云鹤镇南园村2_B^5329ZTCS1PSW4506RW4NYUOE^^0^2021-12-29 00:27:22^SYSTEM_NEW^2021-12-18 22:35:05^SYSTEM_NEW^2021-12-29 00:27:22^4854256561^^
^PW-全业务-EVPTREE-景东县双桥政法委专线 vlan=1042^-1361011170^256781143^^^^^2009^-1359836276^257228331^4807941736^PW-全业务-EVPTREE-景东县双桥政法委专线 vlan=1042^1^^4^53^^^0^0^53935986^^^^1042^PW-全业务-EVPTREE-景东县双桥政法委专线 vlan=1042^5308ZTCS1ESP2056577342PA8^^^^^^^^^^PW-全业务-EVPTREE-景东县双桥政法委专线 vlan=1042^5308ZTCS1PSW44WHOXDHIS7V^通道AZ端网元与伪线AZ端网元一致，且通道中关联伪线ID为空，且通道Z端端口和伪线端口均在业务接入点表中^0^2021-12-27 04:41:37^SYSTEM_NEW^2018-12-20 04:46:05^SYSTEM_NEW^2021-12-27 04:41:37^3033568362^^
^PW-W-9478-鹤庆县草海镇小水渼大丽高铁^-362754486^-1872825696^^^^^^-362744511^2341619989^4854332184^^1^^5^65^^^0^0^53935982^^^2049^2049^PW-W-9478-鹤庆县草海镇小水渼大丽高铁^5329ZTCS1ESP12363496586NSEM9^^^^^^^^^^PW-W-9478-鹤庆县草海镇小水渼大丽高铁^5329ZTCS1PSW4506RW4NYUP6^^0^2021-12-29 00:27:22^SYSTEM_NEW^2021-12-18 22:35:05^SYSTEM_NEW^2021-12-29 00:27:22^4854256562^^
^PW-W-7889-鹤庆县黄坪镇下果园_B^-1572810489^-1872825696^^^^^^-1572507056^2341619990^4854325527^^1^^5^65^^^0^0^53935982^^^2154^2154^PW-W-7889-鹤庆县黄坪镇下果园_B^5329ZTCS1ESP10146652386RVWBU^^^^^^^^^^PW-W-7889-鹤庆县黄坪镇下果园_B^5329ZTCS1PSW4506RW4NYUVY^^0^2021-12-29 00:27:22^SYSTEM_NEW^2021-12-18 22:35:05^SYSTEM_NEW^2021-12-29 00:27:22^4854256564^^
^PW -P-7928-鹤庆县杂木林异地搬迁基站_B^-1571465107^-1872825676^^^^^^-1571127962^2341619985^4854337680^^1^^5^65^^^0^0^53935982^^^2159^2159^PW -P-7928-鹤庆县杂木林异地搬迁基站_B^5329ZTCS1ESP12272800166S2X67^^^^^^^^^^PW -P-7928-鹤庆县杂木林异地搬迁基站_B^5329ZTCS1PSW4506RW4NYUX3^^0^2021-12-29 00:27:22^SYSTEM_NEW^2021-12-18 22:35:05^SYSTEM_NEW^2021-12-29 00:27:22^4854256565^^
^PW-营业厅改造-163-洱源新移动9008-436-洱源凤羽^-1820371477^53976129^^^^^2195^-1816079239^56502241^4762885687^PW-营业厅改造-163-洱源新移动9008-436-洱源凤羽^1^^5^64^^^0^0^53935982^^^^^PW-营业厅改造-163-洱源新移动9008-436-洱源凤羽^5329ZTCS1ESP0772706490PA8^^^^^^^^^^PW-营业厅改造-163-洱源新移动9008-436-洱源凤羽^5329ZTCS1PSW4506RW4NT9V9^通道AZ端网元与伪线AZ端网元一致，且通道中关联伪线ID为空，且通道Z端端口和伪线端口均在业务接入点表中^0^2021-12-05 06:48:40^SYSTEM_NEW^2018-12-20 00:55:38^SYSTEM_NEW^2021-12-05 06:48:40^3033567855^^
^PW-营业厅改造-163-洱源新移动9008-436-洱源凤羽^-1820371477^53976129^^^^^2195^-1816079232^56531780^-577936293^PW-营业厅改造-163-洱源新移动9008-436-洱源凤羽^1^^5^64^^^0^0^53935982^^^^^PW-营业厅改造-163-洱源新移动9008-436-洱源凤羽^5329ZTCS1ESP0772706490PA8^^^^^^^^^^PW-营业厅改造-163-洱源新移动9008-436-洱源凤羽^5329ZTCS1PSW4506RW4NT9V9^通道AZ端网元与伪线AZ端网元一致，且通道中关联伪线ID为空，且通道A端端口和伪线端口均在业务接入点表中^0^2020-07-21 13:09:47^SYSTEM_NEW^2018-12-20 00:55:38^SYSTEM_NEW^2020-07-21 13:09:47^3033567856^^
^PW-全业务-EVPTREE-勐先和平村委会政法委专线^-1364220815^53976405^^^^^2218^-1364215468^56654453^-576937679^PW-全业务-EVPTREE-勐先和平村委会政法委专线^1^^4^58^^^0^0^53935986^^^^1004^PW-全业务-EVPTREE-勐先和平村委会政法委专线^5308ZTCS1ESP0368566245PA8^^^^^^^^^^PW-全业务-EVPTREE-勐先和平村委会政法委专线^5308ZTCS1PSW44WHOXDHIPJY^通道AZ端网元与伪线AZ端网元一致，且通道中关联伪线ID为空，且通道Z端端口和伪线端口均在业务接入点表中^0^2020-08-11 15:31:57^SYSTEM_NEW^2018-12-20 04:46:15^SYSTEM_NEW^2020-08-11 15:31:57^3033567857^^
^PW-43-红河州元阳县移动楼四楼_HJ_794-红河州元阳县牛角寨一楼_HJ-180799^53968468^53965563^^^^^366290^56323618^-643245905^-577491488^PW-43-红河州元阳县移动楼四楼_HJ_794-红河州元阳县牛角寨一楼_HJ-180799^1^^10^40^^^0^0^53935998^^^^^PW-43-红河州元阳县移动楼四楼_HJ_794-红河州元阳县牛角寨一楼_HJ-180799^5325ZTCS1ESP1776842272PFT^^^^^^^^^^PW-43-红河州元阳县移动楼四楼_HJ_794-红河州元阳县牛角寨一楼_HJ-180799^5325ZTCS1PSW446CGB0O5FXD^通道AZ端网元与伪线AZ端网元一致，且通道中关联伪线ID为空，且通道Z端端口和伪线端口均在业务接入点表中^0^2020-08-11 14:28:26^SYSTEM_NEW^2018-12-20 02:41:36^SYSTEM_NEW^2020-08-11 14:28:26^3033567858^^
^PW-全业务-98-六库丹桂苑（山水蓝岸二期传输节点）9004_HJ-298-贡山县捧打6300_HJ^53974337^53983631^^^^^2025^-1193375924^57516686^4757119874^PW-全业务-98-六库丹桂苑（山水蓝岸二期传输节点）9004_HJ-298-贡山县捧打6300_HJ^1^^15^130^^^0^0^53935991^^^604,605^^PW-全业务-98-六库丹桂苑（山水蓝岸二期传输节点）9004_HJ-298-贡山县捧打6300_HJ^5333ZTCS1ESP0166239498PB6^^^^^^^^^^PW-全业务-98-六库丹桂苑（山水蓝岸二期传输节点）9004_HJ-298-贡山县捧打6300_HJ^5333ZTCS1PSW4553NUR3HWPV^通道AZ端网元与伪线AZ端网元一致，且通道中关联伪线ID为空，且通道Z端端口和伪线端口均在业务接入点表中^0^2021-12-24 21:43:49^SYSTEM_NEW^2019-07-31 18:25:42^SYSTEM_NEW^2021-12-24 21:43:49^3033567859^^
^PW-全业务-EVPTREE-孟连县雪亮工程娜允镇政法委数据专线SVLAM=88^-1365465500^53987586^^^^^2252^-926670212^57545747^4807935635^PW-全业务-EVPTREE-孟连县雪亮工程娜允镇政法委数据专线SVLAM=88^1^^4^51^^^0^0^53935986^^^88^88^PW-全业务-EVPTREE-孟连县雪亮工程娜允镇政法委数据专线SVLAM=88^5308ZTCS1ESP13619123534FVLZ5^^^^^^^^^^PW-全业务-EVPTREE-孟连县雪亮工程娜允镇政法委数据专线SVLAM=88^5308ZTCS1PSW44WHOXDHIQS5^通道AZ端网元与伪线AZ端网元一致，且通道中关联伪线ID为空，且通道Z端端口和伪线端口均在业务接入点表中^0^2021-12-27 04:42:05^SYSTEM_NEW^2018-12-20 04:45:47^SYSTEM_NEW^2021-12-27 04:42:05^3033567860^^
^PW-全业务-EVPTREE-孟连县雪亮工程娜允镇政法委数据专线SVLAM=88^-1365465500^53987586^^^^^2252^-1364215154^57546382^-576941084^PW-全业务-EVPTREE-孟连县雪亮工程娜允镇政法委数据专线SVLAM=88^1^^4^51^^^0^0^53935986^^^88^88^PW-全业务-EVPTREE-孟连县雪亮工程娜允镇政法委数据专线SVLAM=88^5308ZTCS1ESP13619123534FVLZ5^^^^^^^^^^PW-全业务-EVPTREE-孟连县雪亮工程娜允镇政法委数据专线SVLAM=88^5308ZTCS1PSW44WHOXDHIQS5^通道AZ端网元与伪线AZ端网元一致，且通道中关联伪线ID为空，且通道Z端端口和伪线端口均在业务接入点表中^0^2020-07-21 15:28:04^SYSTEM_NEW^2018-12-20 04:45:47^SYSTEM_NEW^2020-07-21 15:28:04^3033567861^^
^PW-全业务-EVPTREE-孟连县雪亮工程娜允镇政法委数据专线SVLAM=88^-1365465500^53987586^^^^^2252^-1364215152^57546382^-576941084^PW-全业务-EVPTREE-孟连县雪亮工程娜允镇政法委数据专线SVLAM=88^1^^4^51^^^0^0^53935986^^^88^88^PW-全业务-EVPTREE-孟连县雪亮工程娜允镇政法委数据专线SVLAM=88^5308ZTCS1ESP13619123534FVLZ5^^^^^^^^^^PW-全业务-EVPTREE-孟连县雪亮工程娜允镇政法委数据专线SVLAM=88^5308ZTCS1PSW44WHOXDHIQS5^通道AZ端网元与伪线AZ端网元一致，且通道中关联伪线ID为空，且通道Z端端口和伪线端口均在业务接入点表中^0^2020-07-21 15:28:04^SYSTEM_NEW^2018-12-20 04:45:47^SYSTEM_NEW^2020-07-21 15:28:04^3033567862^^
^PW-W-6685-大理市新桥北（4F）全业务落地6500_HX^-1819270317^53985892^^^^^2189^-1759521807^57555426^-577937792^PW-W-6685-大理市新桥北（4F）全业务落地6500_HX^1^^5^62^^^0^0^53935982^^^1400^^PW-W-6685-大理市新桥北（4F）全业务落地6500_HX^5329ZTCS1ESP05588449835YGRJS^^^^^^^^^^PW-W-6685-大理市新桥北（4F）全业务落地6500_HX^5329ZTCS1PSW4506RW4NZIZD^通道AZ端网元与伪线AZ端网元一致，且通道中关联伪线ID为空，且通道Z端端口和伪线端口均在业务接入点表中^0^2020-08-11 13:06:33^SYSTEM_NEW^2020-03-12 14:11:23^SYSTEM_NEW^2020-08-11 13:06:33^3033567863^^
^PW-全业务-景东文龙平安城市^53966369^53968621^^^^^2009^56208953^56345982^4807932024^PW-全业务-景东文龙平安城市^1^^4^53^^^0^0^53935986^^^1557^1557^PW-全业务-景东文龙平安城市^5308ZTCS1ESP1732482047PD5^^^^^^^^^^PW-全业务-景东文龙平安城市^5308ZTCS1PSW44WHOXDHGMBL^通道AZ端网元与伪线AZ端网元一致，且通道中关联伪线ID为空，且通道Z端端口和伪线端口均在业务接入点表中^0^2021-12-27 04:41:34^SYSTEM_NEW^2018-12-20 04:46:06^SYSTEM_NEW^2021-12-27 04:41:34^3033567864^^
^PW-全业务-景东文龙平安城市^53966369^53968621^^^^^2009^-1747272775^57618824^-576949297^PW-全业务-景东文龙平安城市^1^^4^53^^^0^0^53935986^^^1557^1557^PW-全业务-景东文龙平安城市^5308ZTCS1ESP1732482047PD5^^^^^^^^^^PW-全业务-景东文龙平安城市^5308ZTCS1PSW44WHOXDHGMBL^通道AZ端网元与伪线AZ端网元一致，且通道中关联伪线ID为空，且通道Z端端口和伪线端口均在业务接入点表中^0^2020-07-21 15:27:47^SYSTEM_NEW^2018-12-20 04:46:06^SYSTEM_NEW^2020-07-21 15:27:47^3033567865^^
^PW -P-9612-洱源县玉河小区公租房小区_B^-255872881^2938097781^^^^^^-255870543^2994803317^4854326902^^1^^5^64^^^0^0^53935982^^^2049^2049^PW -P-9612-洱源县玉河小区公租房小区_B^5329ZTCS1ESP11566685686NSEM9^^^^^^^^^^PW -P-9612-洱源县玉河小区公租房小区_B^5329ZTCS1PSW4506RW4NZ5IF^^0^2021-12-29 00:28:07^SYSTEM_NEW^2021-12-18 22:35:05^SYSTEM_NEW^2021-12-29 00:28:07^4854256459^^
^PW -P-7379-漾濞县富恒乡长寿村普柏社_B^-1652640948^-1767672446^^^^^^-1651688229^2224522495^4854337633^^1^^5^71^^^0^0^53935982^^^59^59^PW -P-7379-漾濞县富恒乡长寿村普柏社_B^5329ZTCS1ESP03188270024I52YJ^^^^^^^^^^PW -P-7379-漾濞县富恒乡长寿村普柏社_B^5329ZTCS1PSW4506RW4NYMRC^^0^2021-12-29 00:27:33^SYSTEM_NEW^2021-12-18 22:35:05^SYSTEM_NEW^2021-12-29 00:27:33^4854256460^^
^PW-W-4575-漾濞县脉地江桥^525699766^-1798907046^^^^^^531207889^2224522397^4854329835^^1^^5^71^^^0^0^53935982^^^2112^2112^PW-W-4575-漾濞县脉地江桥^5329ZTCS1ESP0969894561PAK^^^^^^^^^^PW-W-4575-漾濞县脉地江桥^5329ZTCS1PSW4506RW4NYMT6^^0^2021-12-29 00:27:33^SYSTEM_NEW^2021-12-18 22:35:05^SYSTEM_NEW^2021-12-29 00:27:33^4854256461^^
^PW-W-7047-漾濞县苍山西镇花椒园村委会_B^-1763375860^-1798907046^^^^^^-1762389843^2224522419^4854329172^^1^^5^71^^^0^0^53935982^^^51^51^PW-W-7047-漾濞县苍山西镇花椒园村委会_B^5329ZTCS1ESP20200522524HTUER^^^^^^^^^^PW-W-7047-漾濞县苍山西镇花椒园村委会_B^5329ZTCS1PSW4506RW4NYMU8^^0^2021-12-29 00:27:33^SYSTEM_NEW^2021-12-18 22:35:05^SYSTEM_NEW^2021-12-29 00:27:33^4854256462^^
^PW-W-9700-漾濞县秀岭^-175831482^-1798907046^^^^^^-175426600^2224522419^4854327653^^1^^5^71^^^0^0^53935982^^^114^114^PW-W-9700-漾濞县秀岭^5329ZTCS1ESP2134081667PAI^^^^^^^^^^PW-W-9700-漾濞县秀岭^5329ZTCS1PSW4506RW4NYMVW^^0^2021-12-29 00:27:33^SYSTEM_NEW^2021-12-18 22:35:05^SYSTEM_NEW^2021-12-29 00:27:33^4854256463^^
^PW-W-6796-漾濞县平坡镇平坡村白塔箐_B^-1805467800^-1798907046^^^^^^-1804724627^2224522397^4854327923^^1^^5^71^^^0^0^53935982^^^2040^2040^PW-W-6796-漾濞县平坡镇平坡村白塔箐_B^5329ZTCS1ESP19084101386NFRI0^^^^^^^^^^PW-W-6796-漾濞县平坡镇平坡村白塔箐_B^5329ZTCS1PSW4506RW4NYN1P^^0^2021-12-29 00:27:33^SYSTEM_NEW^2021-12-18 22:35:05^SYSTEM_NEW^2021-12-29 00:27:33^4854256465^^
^PW -P-4232-漾濞县苍山西镇栗树坡_B^230123859^-1767672446^^^^^^230440329^2224522457^4854322569^^1^^5^71^^^0^0^53935982^^^2088^2088^PW -P-4232-漾濞县苍山西镇栗树坡_B^5329ZTCS1ESP1623095581PAS^^^^^^^^^^PW -P-4232-漾濞县苍山西镇栗树坡_B^5329ZTCS1PSW4506RW4NYN4F^^0^2021-12-29 00:27:33^SYSTEM_NEW^2021-12-18 22:35:05^SYSTEM_NEW^2021-12-29 00:27:33^4854256466^^
^PW-W-6715-漾濞县太平乡平地村板房_B^-1813649445^-1798907046^^^^^^-1813213017^2224522397^4854332900^^1^^5^71^^^0^0^53935982^^^2038^2038^PW-W-6715-漾濞县太平乡平地村板房_B^5329ZTCS1ESP20564238916NCYD2^^^^^^^^^^PW-W-6715-漾濞县太平乡平地村板房_B^5329ZTCS1PSW4506RW4NYN6K^^0^2021-12-29 00:27:33^SYSTEM_NEW^2021-12-18 22:35:05^SYSTEM_NEW^2021-12-29 00:27:33^4854256467^^
^PW -P-9120-漾濞县金牛6500-8^-1110758890^-1767672446^^^^^^-1096206699^2224522495^4854327361^^1^^5^71^^^0^0^53935982^^^68^68^PW -P-9120-漾濞县金牛6500-8^5329ZTCS1ESP03015524914FVLZ5^^^^^^^^^^PW -P-9120-漾濞县金牛6500-8^5329ZTCS1PSW4506RW4NYNAD^^0^2021-12-29 00:27:33^SYSTEM_NEW^2021-12-18 22:35:05^SYSTEM_NEW^2021-12-29 00:27:33^4854256468^^
^PW-全业务-EPTREE-澜沧县发展河勐乃新寨^-1896262310^-1768196381^^^^^2265^-1895561226^-1767623353^4807951320^PW-全业务-EPTREE-澜沧县发展河勐乃新寨^1^^4^55^^^0^0^53935986^^^^^PW-全业务-EPTREE-澜沧县发展河勐乃新寨^5308ZTCS1ESP1585424417PA8^^^^^^^^^^PW-全业务-EPTREE-澜沧县发展河勐乃新寨^5308ZTCS1PSW44WHOXDHHMM4^通道AZ端网元与伪线AZ端网元一致，且通道中关联伪线ID为空，且通道Z端端口和伪线端口均在业务接入点表中^0^2021-12-27 04:42:03^SYSTEM_NEW^2018-12-20 04:46:07^SYSTEM_NEW^2021-12-27 04:42:03^3033568036^^
^DNI:PW-7027-漾濞县苍山西路63号6500-L2L3备_HX_6813-漾濞县下街6500-L2L3主_HX-158408^-1767672446^-1798907046^^^^^^2233952997^2233279681^4854327486^^1^^5^71^^^0^0^53935982^^^2200^2200^DNI:PW-7027-漾濞县苍山西路63号6500-L2L3备_HX_6813-漾濞县下街6500-L2L3主_HX-158408^5329ZTCS1ESP07056715166TOIHK^^^^^^^^^^DNI:PW-7027-漾濞县苍山西路63号6500-L2L3备_HX_6813-漾濞县下街6500-L2L3主_HX-158408^5329ZTCS1PSW4506RW4NYNLG^^0^2021-12-29 00:27:31^SYSTEM_NEW^2021-12-18 22:35:05^SYSTEM_NEW^2021-12-29 00:27:31^4854256469^^
^PW-W-4346-漾濞县富恒罗里密基站_B^238722948^-1798907046^^^^^^238727052^2233279682^4854327735^^1^^5^71^^^0^0^53935982^^^206^206^PW-W-4346-漾濞县富恒罗里密基站_B^5329ZTCS1ESP0479910529PAM^^^^^^^^^^PW-W-4346-漾濞县富恒罗里密基站_B^5329ZTCS1PSW4506RW4NYO0Y^^0^2021-12-29 00:27:31^SYSTEM_NEW^2021-12-18 22:35:05^SYSTEM_NEW^2021-12-29 00:27:31^4854256470^^
^PW-W-5886-漾濞县大保高速徐村桥北_B^-1924547584^-1798907046^^^^^^-1919856879^2224522397^4854327936^^1^^5^71^^^0^0^53935982^^^2150^2150^PW-W-5886-漾濞县大保高速徐村桥北_B^5329ZTCS1ESP08667813356RQA1Y^^^^^^^^^^PW-W-5886-漾濞县大保高速徐村桥北_B^5329ZTCS1PSW4506RW4NYO8J^^0^2021-12-29 00:27:31^SYSTEM_NEW^2021-12-18 22:35:05^SYSTEM_NEW^2021-12-29 00:27:31^4854256471^^
^PW -P-8119-漾濞县漾江镇荨麻箐恩龙_B^-1555141011^-1767672446^^^^^^-1554616523^2233952995^4854333279^^1^^5^71^^^0^0^53935982^^^232^232^PW -P-8119-漾濞县漾江镇荨麻箐恩龙_B^5329ZTCS1ESP18375458334OW3C8^^^^^^^^^^PW -P-8119-漾濞县漾江镇荨麻箐恩龙_B^5329ZTCS1PSW4506RW4NYO9W^^0^2021-12-29 00:27:31^SYSTEM_NEW^2021-12-18 22:35:05^SYSTEM_NEW^2021-12-29 00:27:31^4854256472^^
^DNI:PW-7027-漾濞县苍山西路63号6500-L2L3备_HX_6813-漾濞县下街6500-L2L3主_HX-159679^-1767672446^-1798907046^^^^^^2233952997^2233279681^4854327486^^1^^5^71^^^0^0^53935982^^^2233^2233^DNI:PW-7027-漾濞县苍山西路63号6500-L2L3备_HX_6813-漾濞县下街6500-L2L3主_HX-159679^5329ZTCS1ESP07056715166UYV95^^^^^^^^^^DNI:PW-7027-漾濞县苍山西路63号6500-L2L3备_HX_6813-漾濞县下街6500-L2L3主_HX-159679^5329ZTCS1PSW4506RW4NYOAT^^0^2021-12-29 00:27:31^SYSTEM_NEW^2021-12-18 22:35:05^SYSTEM_NEW^2021-12-29 00:27:31^4854256474^^
^PW-专线-W-140-景洪市白象路-ZX-PTN^-120230639^53967481^^^^^366261^-120175149^56350092^4738626748^PW-专线-W-140-景洪市白象路-ZX-PTN^1^^13^111^^^0^0^53935987^^^^^PW-专线-W-140-景洪市白象路-ZX-PTN^5328ZTCS1ESP0567298541PA8^^^^^^^^^^PW-专线-W-140-景洪市白象路-ZX-PTN^5328ZTCS1PSW4578R3OOHONW^通道AZ端网元与伪线AZ端网元一致，且通道中关联伪线ID为空，且通道Z端端口和伪线端口均在业务接入点表中^0^2021-12-28 13:40:01^SYSTEM_NEW^2019-09-12 15:05:48^SYSTEM_NEW^2021-12-28 13:40:01^3033568195^^
^PW-专线-W-140-景洪市白象路-ZX-PTN^-120230639^53967481^^^^^366261^-120175155^56350094^2239917630^PW-专线-W-140-景洪市白象路-ZX-PTN^1^^13^111^^^0^0^53935987^^^^^PW-专线-W-140-景洪市白象路-ZX-PTN^5328ZTCS1ESP0567298541PA8^^^^^^^^^^PW-专线-W-140-景洪市白象路-ZX-PTN^5328ZTCS1PSW4578R3OOHONW^通道AZ端网元与伪线AZ端网元一致，且通道中关联伪线ID为空，且通道Z端端口和伪线端口均在业务接入点表中^0^2020-07-21 11:15:31^SYSTEM_NEW^2019-09-12 15:05:48^SYSTEM_NEW^2020-07-21 11:15:31^3033568196^^
^PW-专线-W-140-景洪市白象路-ZX-PTN^-120230639^53967481^^^^^366261^-120175155^56358503^2239917630^PW-专线-W-140-景洪市白象路-ZX-PTN^1^^13^111^^^0^0^53935987^^^^^PW-专线-W-140-景洪市白象路-ZX-PTN^5328ZTCS1ESP0567298541PA8^^^^^^^^^^PW-专线-W-140-景洪市白象路-ZX-PTN^5328ZTCS1PSW4578R3OOHONW^通道AZ端网元与伪线AZ端网元一致，且通道中关联伪线ID为空，且通道Z端端口和伪线端口均在业务接入点表中^0^2020-07-21 11:15:31^SYSTEM_NEW^2019-09-12 15:05:48^SYSTEM_NEW^2020-07-21 11:15:31^3033568197^^
^PW-专线-W-140-景洪市白象路-ZX-PTN^-120230639^53967481^^^^^366261^-120175155^56358503^2239917630^PW-专线-W-140-景洪市白象路-ZX-PTN^1^^13^111^^^0^0^53935987^^^^^PW-专线-W-140-景洪市白象路-ZX-PTN^5328ZTCS1ESP0567298541PA8^^^^^^^^^^PW-专线-W-140-景洪市白象路-ZX-PTN^5328ZTCS1PSW4578R3OOHONW^通道AZ端网元与伪线AZ端网元一致，且通道中关联伪线ID为空，且通道Z端端口和伪线端口均在业务接入点表中^0^2020-07-21 11:15:31^SYSTEM_NEW^2019-09-12 15:05:48^SYSTEM_NEW^2020-07-21 11:15:31^3033568198^^
^PW-专线-W-140-景洪市白象路-ZX-PTN^-120230639^53967481^^^^^366261^-120175155^56358504^2239917630^PW-专线-W-140-景洪市白象路-ZX-PTN^1^^13^111^^^0^0^53935987^^^^^PW-专线-W-140-景洪市白象路-ZX-PTN^5328ZTCS1ESP0567298541PA8^^^^^^^^^^PW-专线-W-140-景洪市白象路-ZX-PTN^5328ZTCS1PSW4578R3OOHONW^通道AZ端网元与伪线AZ端网元一致，且通道中关联伪线ID为空，且通道Z端端口和伪线端口均在业务接入点表中^0^2020-07-21 11:15:31^SYSTEM_NEW^2019-09-12 15:05:48^SYSTEM_NEW^2020-07-21 11:15:31^3033568199^^
^PW-专线-W-140-景洪市白象路-ZX-PTN^-120230639^53967481^^^^^366261^-120175155^56358504^2239917630^PW-专线-W-140-景洪市白象路-ZX-PTN^1^^13^111^^^0^0^53935987^^^^^PW-专线-W-140-景洪市白象路-ZX-PTN^5328ZTCS1ESP0567298541PA8^^^^^^^^^^PW-专线-W-140-景洪市白象路-ZX-PTN^5328ZTCS1PSW4578R3OOHONW^通道AZ端网元与伪线AZ端网元一致，且通道中关联伪线ID为空，且通道Z端端口和伪线端口均在业务接入点表中^0^2020-07-21 11:15:31^SYSTEM_NEW^2019-09-12 15:05:48^SYSTEM_NEW^2020-07-21 11:15:31^3033568200^^
^2001-楚雄市移动大楼落地四_HX<->14006-永仁县开发区^0^0^--^--^^^2054^0^0^3962547032^2001-楚雄市移动大楼落地四_HX<->14006-永仁县开发区^1^^6^0^^^0^0^53935989^^^--^--^2001-楚雄市移动大楼落地四_HX<->14006-永仁县开发区^5323HWCSTETPdea050a857031bf0^^^^^^^^^^2001-楚雄市移动大楼落地四_HX<->14006-永仁县开发区^5323HWCSTPSWbab6e444bd68c69f^通道AZ端网元与伪线AZ端网元一致，且通道中关联伪线ID为空，且通道Z端端口和伪线端口均在业务接入点表中^0^2021-06-16 23:05:52^SYSTEM_NEW^2019-04-06 18:31:56^SYSTEM_NEW^2021-06-16 23:05:52^3033568201^^
^2001-楚雄市移动大楼落地四_HX<->14006-永仁县开发区^53973297^53973634^--^--^^^2054^56484331^56476097^-576059660^2001-楚雄市移动大楼落地四_HX<->14006-永仁县开发区^1^^6^74^^^0^0^53935989^^^--^--^2001-楚雄市移动大楼落地四_HX<->14006-永仁县开发区^5323HWCSTESPdafac87c17ea45e8^^^^^^^^^^2001-楚雄市移动大楼落地四_HX<->14006-永仁县开发区^5323HWCSTPSWbab6e444bd68c69f^通道AZ端网元与伪线AZ端网元一致，且通道中关联伪线ID为空，且通道A端端口和伪线端口均在业务接入点表中^0^2020-07-21 16:36:19^SYSTEM_NEW^2019-04-06 18:31:56^SYSTEM_NEW^2020-07-21 16:36:19^3033568202^^
^PW-43-红河州元阳县移动楼四楼_HJ_961-元阳新街王国饮料厂-180801^53968468^53965463^^^^^366290^56316074^56713971^3961459649^PW-43-红河州元阳县移动楼四楼_HJ_961-元阳新街王国饮料厂-180801^1^^10^40^^^0^0^53935998^^^34^2052^PW-43-红河州元阳县移动楼四楼_HJ_961-元阳新街王国饮料厂-180801^5325ZTCS1ESP1263003614PDK^^^^^^^^^^PW-43-红河州元阳县移动楼四楼_HJ_961-元阳新街王国饮料厂-180801^5325ZTCS1PSW446CGB0O5FXS^通道AZ端网元与伪线AZ端网元一致，且通道中关联伪线ID为空，且通道Z端端口和伪线端口均在业务接入点表中^0^2021-12-27 01:15:38^SYSTEM_NEW^2018-12-20 02:41:33^SYSTEM_NEW^2021-12-27 01:15:38^3033568203^^
^PW-43-红河州元阳县移动楼四楼_HJ_961-元阳新街王国饮料厂-180801^53968468^53965463^^^^^366290^57098152^56713980^-577490804^PW-43-红河州元阳县移动楼四楼_HJ_961-元阳新街王国饮料厂-180801^1^^10^40^^^0^0^53935998^^^34^2052^PW-43-红河州元阳县移动楼四楼_HJ_961-元阳新街王国饮料厂-180801^5325ZTCS1ESP1263003614PDK^^^^^^^^^^PW-43-红河州元阳县移动楼四楼_HJ_961-元阳新街王国饮料厂-180801^5325ZTCS1PSW446CGB0O5FXS^通道AZ端网元与伪线AZ端网元一致，且通道中关联伪线ID为空，且通道Z端端口和伪线端口均在业务接入点表中^0^2020-07-21 14:09:35^SYSTEM_NEW^2018-12-20 02:41:33^SYSTEM_NEW^2020-07-21 14:09:35^3033568204^^
^PW-43-红河州元阳县移动楼四楼_HJ_961-元阳新街王国饮料厂-180801^53968468^53965463^^^^^366290^57098152^56714023^-577490804^PW-43-红河州元阳县移动楼四楼_HJ_961-元阳新街王国饮料厂-180801^1^^10^40^^^0^0^53935998^^^34^2052^PW-43-红河州元阳县移动楼四楼_HJ_961-元阳新街王国饮料厂-180801^5325ZTCS1ESP1263003614PDK^^^^^^^^^^PW-43-红河州元阳县移动楼四楼_HJ_961-元阳新街王国饮料厂-180801^5325ZTCS1PSW446CGB0O5FXS^通道AZ端网元与伪线AZ端网元一致，且通道中关联伪线ID为空，且通道A端端口和伪线端口均在业务接入点表中^0^2020-07-21 14:09:35^SYSTEM_NEW^2018-12-20 02:41:33^SYSTEM_NEW^2020-07-21 14:09:35^3033568205^^
^PW-互联网专线-46-巍山新移动-3460-大理市楚大高速吊草段^-1903563731^145191083^^^^^2058^-1902503876^145361765^4762885081^PW-互联网专线-46-巍山新移动-3460-大理市楚大高速吊草段^1^^5^69^^^0^0^53935982^^^^^PW-互联网专线-46-巍山新移动-3460-大理市楚大高速吊草段^5329ZTCS1ESP0656996644PA8^^^^^^^^^^PW-互联网专线-46-巍山新移动-3460-大理市楚大高速吊草段^5329ZTCS1PSW4506RW4NTSS1^通道AZ端网元与伪线AZ端网元一致，且通道中关联伪线ID为空，且通道Z端端口和伪线端口均在业务接入点表中^0^2021-11-23 22:38:28^SYSTEM_NEW^2018-12-20 00:55:57^SYSTEM_NEW^2021-11-23 22:38:28^3033567866^^
^PW-互联网专线-46-巍山新移动-3460-大理市楚大高速吊草段^-1903563731^145191083^^^^^2058^-1902503876^145361776^-577938365^PW-互联网专线-46-巍山新移动-3460-大理市楚大高速吊草段^1^^5^69^^^0^0^53935982^^^^^PW-互联网专线-46-巍山新移动-3460-大理市楚大高速吊草段^5329ZTCS1ESP0850555289PA8^^^^^^^^^^PW-互联网专线-46-巍山新移动-3460-大理市楚大高速吊草段^5329ZTCS1PSW4506RW4NTSS1^通道AZ端网元与伪线AZ端网元一致，且通道中关联伪线ID为空，且通道A端端口和伪线端口均在业务接入点表中^0^2020-07-21 13:09:39^SYSTEM_NEW^2018-12-20 00:55:57^SYSTEM_NEW^2020-07-21 13:09:39^3033567867^^
^PW-全业务-2800-文山市老屋基6220^-1853374673^147837567^^^^^2226^-1851245411^148230069^4808444232^PW-全业务-2800-文山市老屋基6220^1^^9^118^^^0^0^53935988^^^^^PW-全业务-2800-文山市老屋基6220^5326ZTCS1ESP1229480699PAM^^^^^^^^^^PW-全业务-2800-文山市老屋基6220^5326ZTCS1PSW453WAFCEWRIF^通道AZ端网元与伪线AZ端网元一致，且通道中关联伪线ID为空，且通道Z端端口和伪线端口均在业务接入点表中^0^2021-12-27 06:03:06^SYSTEM_NEW^2019-03-21 21:38:02^SYSTEM_NEW^2021-12-27 06:03:06^3033567868^^
^PW-集客专线-1382-大理交警支队汇聚（专线）-4048-九顶山服务区^53985443^214594041^^^^^2189^-477642203^214724299^4854317956^PW-集客专线-1382-大理交警支队汇聚（专线）-4048-九顶山服务区^1^^5^62^^^0^0^53935982^^^^^PW-集客专线-1382-大理交警支队汇聚（专线）-4048-九顶山服务区^5329ZTCS1ESP0276432194PCE^^^^^^^^^^PW-集客专线-1382-大理交警支队汇聚（专线）-4048-九顶山服务区^5329ZTCS1PSW4506RW4NV7EZ^通道AZ端网元与伪线AZ端网元一致，且通道中关联伪线ID为空，且通道Z端端口和伪线端口均在业务接入点表中^0^2021-12-29 00:26:34^SYSTEM_NEW^2018-12-20 00:55:46^SYSTEM_NEW^2021-12-29 00:26:34^3033567869^^
^W:PW-43-红河州元阳县移动楼四楼_HJ_5206-元阳哈脚下寨-437537^53968468^289756995^50000^50000^^^366290^56316078^289777128^2642845549^W:PW-43-红河州元阳县移动楼四楼_HJ_5206-元阳哈脚下寨-437537^1^^10^40^^^0^0^53935998^^^^^W:PW-43-红河州元阳县移动楼四楼_HJ_5206-元阳哈脚下寨-437537^5325ZTCS1ESP1776842396PGK^^^^^^^^^^W:PW-43-红河州元阳县移动楼四楼_HJ_5206-元阳哈脚下寨-437537^5325ZTCS1PSW446GZWG1LQ1C^通道AZ端网元与伪线AZ端网元一致，且通道中关联伪线ID为空，且通道Z端端口和伪线端口均在业务接入点表中^0^2020-08-11 14:29:59^SYSTEM_NEW^2020-02-18 16:45:28^SYSTEM_NEW^2020-08-11 14:29:59^3033567870^^
^PW-集客专线-1382-大理交警支队汇聚（专线）-4698-祥云红土坡一组^53985443^720354414^^^^^2189^-477642203^1116413641^4854316491^PW-集客专线-1382-大理交警支队汇聚（专线）-4698-祥云红土坡一组^1^^5^62^^^0^0^53935982^^^^^PW-集客专线-1382-大理交警支队汇聚（专线）-4698-祥云红土坡一组^5329ZTCS1ESP0276432194PCE^^^^^^^^^^PW-集客专线-1382-大理交警支队汇聚（专线）-4698-祥云红土坡一组^5329ZTCS1PSW4506RW4NV7ZX^通道AZ端网元与伪线AZ端网元一致，且通道中关联伪线ID为空，且通道Z端端口和伪线端口均在业务接入点表中^0^2021-12-29 00:26:51^SYSTEM_NEW^2018-12-20 00:55:40^SYSTEM_NEW^2021-12-29 00:26:51^3033567871^^
^PW-全业务-124-瑞丽市新光6200^-806360650^2231207981^^^^^2326^-701928193^2231208013^4880987220^PW-全业务-124-瑞丽市新光6200^1^^11^99^^^0^0^53935990^^^^^PW-全业务-124-瑞丽市新光6200^5331ZTCS2ESP1206006010PA8^^^^^^^^^^PW-全业务-124-瑞丽市新光6200^5331ZTCS2PSW4556GJD9WYSS^通道AZ端网元与伪线AZ端网元一致，且通道中关联伪线ID为空，且通道Z端端口和伪线端口均在业务接入点表中^0^2021-12-28 22:22:24^SYSTEM_NEW^2018-12-19 23:24:58^SYSTEM_NEW^2021-12-28 22:22:24^3033567872^^
^PW-全业务-124-瑞丽市新光6200^-806360650^2231207981^^^^^2326^-782315903^2231208076^-578286533^PW-全业务-124-瑞丽市新光6200^1^^11^99^^^0^0^53935990^^^^^PW-全业务-124-瑞丽市新光6200^5331ZTCS2ESP1206006010PA8^^^^^^^^^^PW-全业务-124-瑞丽市新光6200^5331ZTCS2PSW4556GJD9WYSS^通道AZ端网元与伪线AZ端网元一致，且通道中关联伪线ID为空，且通道Z端端口和伪线端口均在业务接入点表中^0^2020-07-21 12:27:42^SYSTEM_NEW^2018-12-19 23:24:58^SYSTEM_NEW^2020-07-21 12:27:42^3033567873^^
^2001-楚雄市移动大楼落地四_HX<->9012-大姚县国土资源局^53973297^53974057^--^--^^^2054^56475968^56482407^-576060025^2001-楚雄市移动大楼落地四_HX<->9012-大姚县国土资源局^1^^6^74^^^0^0^53935989^^^--^--^2001-楚雄市移动大楼落地四_HX<->9012-大姚县国土资源局^5323HWCSTESPdafac87c17ea45e8^^^^^^^^^^2001-楚雄市移动大楼落地四_HX<->9012-大姚县国土资源局^5323HWCSTPSWc0de6e8646e33e29^通道AZ端网元与伪线AZ端网元一致，且通道中关联伪线ID为空，且通道A端端口和伪线端口均在业务接入点表中^0^2020-08-10 16:13:05^SYSTEM_NEW^2019-04-06 18:31:57^SYSTEM_NEW^2020-08-10 16:13:05^3033567874^^
^5865-楚雄市移动大楼集客落地二（备）_HX<->5129-楚雄市紫溪山^-1128474154^144874418^--^--^^^2054^-1119219040^145136943^-576032659^5865-楚雄市移动大楼集客落地二（备）_HX<->5129-楚雄市紫溪山^1^^6^74^^^0^0^53935989^^^--^--^5865-楚雄市移动大楼集客落地二（备）_HX<->5129-楚雄市紫溪山^5323HWCSTESPdc397b0dd0156deb^^^^^^^^^^5865-楚雄市移动大楼集客落地二（备）_HX<->5129-楚雄市紫溪山^5323HWCSTPSW12d63e609c1db730^通道AZ端网元与伪线AZ端网元一致，且通道中关联伪线ID为空，且通道A端端口和伪线端口均在业务接入点表中^0^2020-08-10 16:13:09^SYSTEM_NEW^2019-04-06 18:31:55^SYSTEM_NEW^2020-08-10 16:13:09^3033567875^^
^PW-全业务-706-广南电子政务^53967692^53976610^^^^^2226^56592569^56631545^-576272583^PW-全业务-706-广南电子政务^1^^9^120^^^0^0^53935988^^^^^PW-全业务-706-广南电子政务^5326ZTCS1ESP1943057844PB8^^^^^^^^^^PW-全业务-706-广南电子政务^5326ZTCS1PSW453WAFCEQVOC^通道AZ端网元与伪线ZA端网元一致，且通道中关联伪线ID为空，且通道A端端口和伪线端口均在业务接入点表中^0^2020-07-21 16:03:19^SYSTEM_NEW^2018-12-20 06:07:48^SYSTEM_NEW^2020-07-21 16:03:19^3033567876^^
^PW-4G-W-1392-宁蒗县移动楼PTN9004_HJ-138300^124751527^-1574766093^^^^^366335^-1419792698^-1574453572^4820024865^PW-4G-W-1392-宁蒗县移动楼PTN9004_HJ-138300^1^^14^116^^^0^0^53935985^^^134^^PW-4G-W-1392-宁蒗县移动楼PTN9004_HJ-138300^5307ZTCS1ESP0267465830PIB^^^^^^^^^^PW-4G-W-1392-宁蒗县移动楼PTN9004_HJ-138300^5307ZTCS1PSW4516EMDOIM7E^通道AZ端网元与伪线AZ端网元一致，且通道中关联伪线ID为空，且通道Z端端口和伪线端口均在业务接入点表中^0^2021-12-27 03:17:31^SYSTEM_NEW^2018-12-20 03:50:01^SYSTEM_NEW^2021-12-27 03:17:31^3033568037^^
^PW-4G-W-1392-宁蒗县移动楼PTN9004_HJ-138300^124751527^-1574766093^^^^^366335^-1618530217^-1574453570^-577250552^PW-4G-W-1392-宁蒗县移动楼PTN9004_HJ-138300^1^^14^116^^^0^0^53935985^^^134^^PW-4G-W-1392-宁蒗县移动楼PTN9004_HJ-138300^5307ZTCS1ESP0267465830PIB^^^^^^^^^^PW-4G-W-1392-宁蒗县移动楼PTN9004_HJ-138300^5307ZTCS1PSW4516EMDOIM7E^通道AZ端网元与伪线AZ端网元一致，且通道中关联伪线ID为空，且通道Z端端口和伪线端口均在业务接入点表中^0^2020-07-21 14:52:21^SYSTEM_NEW^2018-12-20 03:50:01^SYSTEM_NEW^2020-07-21 14:52:21^3033568038^^
^PW-4G-W-1392-宁蒗县移动楼PTN9004_HJ-138300^124751527^-1574766093^^^^^366335^-1618530217^-1574453569^-577250552^PW-4G-W-1392-宁蒗县移动楼PTN9004_HJ-138300^1^^14^116^^^0^0^53935985^^^134^^PW-4G-W-1392-宁蒗县移动楼PTN9004_HJ-138300^5307ZTCS1ESP0267465830PIB^^^^^^^^^^PW-4G-W-1392-宁蒗县移动楼PTN9004_HJ-138300^5307ZTCS1PSW4516EMDOIM7E^通道AZ端网元与伪线AZ端网元一致，且通道中关联伪线ID为空，且通道Z端端口和伪线端口均在业务接入点表中^0^2020-07-21 14:52:21^SYSTEM_NEW^2018-12-20 03:50:01^SYSTEM_NEW^2020-07-21 14:52:21^3033568039^^
^PW-电子政务网-31-祥云新移动-638-祥云禾甸二中^-1791958275^-1572810496^^^^^2124^-1789653208^-1572507355^4854309055^PW-电子政务网-31-祥云新移动-638-祥云禾甸二中^1^^5^70^^^0^0^53935982^^^^^PW-电子政务网-31-祥云新移动-638-祥云禾甸二中^5329ZTCS1ESP2045886528PA8^^^^^^^^^^PW-电子政务网-31-祥云新移动-638-祥云禾甸二中^5329ZTCS1PSW4506RW4NRGVA^通道AZ端网元与伪线AZ端网元一致，且通道中关联伪线ID为空，且通道Z端端口和伪线端口均在业务接入点表中^0^2021-12-29 00:26:22^SYSTEM_NEW^2018-12-20 00:55:59^SYSTEM_NEW^2021-12-29 00:26:22^3033568040^^
^罗平县金鸡服务区B站10M数据专线-vc^-296286553^-465292197^--^--^^^366243^-296284358^-465251978^3958986349^罗平县金鸡服务区B站10M数据专线-vc^1^^7^84^^^-296285082^-465292046^53935999^^^--^--^罗平县金鸡服务区B站10M数据专线-vc^5303FHCS1ESP5000000000007AQQ^^^^^^^^^^罗平县金鸡服务区B站10M数据专线-vc^5303FHCS1PSW3W000000008LTFHQ^通道AZ端网元与伪线AZ端网元一致，且通道中关联伪线ID为空，且通道Z端端口和伪线端口均在业务接入点表中^0^2021-10-24 07:34:26^SYSTEM_NEW^2019-06-26 09:53:07^SYSTEM_NEW^2021-10-24 07:34:26^3033568041^^
^W:PW-4105-红河州蒙自县州交警队高管大队集客站点_Q（在环内）_2872-弥勒西三新哨-382095^219982879^54023570^^^^^366305^220336355^54830779^-577486846^W:PW-4105-红河州蒙自县州交警队高管大队集客站点_Q（在环内）_2872-弥勒西三新哨-382095^1^^10^34^^^0^0^53935998^^^^^W:PW-4105-红河州蒙自县州交警队高管大队集客站点_Q（在环内）_2872-弥勒西三新哨-382095^5325ZTCS1ESP0391183615PD6^^^^^^^^^^W:PW-4105-红河州蒙自县州交警队高管大队集客站点_Q（在环内）_2872-弥勒西三新哨-382095^5325ZTCS1PSW446GZWG1KWHC^通道AZ端网元与伪线AZ端网元一致，且通道中关联伪线ID为空，且通道Z端端口和伪线端口均在业务接入点表中^0^2020-07-21 14:11:17^SYSTEM_NEW^2019-05-15 18:04:18^SYSTEM_NEW^2020-07-21 14:11:17^3033568042^^
^5865-楚雄市移动大楼集客落地二（备）_HX<->2005-楚雄州政务中心_B^-1128474154^53973601^--^--^^^2054^-1119219040^56474224^-576033173^5865-楚雄市移动大楼集客落地二（备）_HX<->2005-楚雄州政务中心_B^1^^6^74^^^0^0^53935989^^^--^--^5865-楚雄市移动大楼集客落地二（备）_HX<->2005-楚雄州政务中心_B^5323HWCSTESPdc397b0dd0156deb^^^^^^^^^^5865-楚雄市移动大楼集客落地二（备）_HX<->2005-楚雄州政务中心_B^5323HWCSTPSWf74d88df9f07343d^通道AZ端网元与伪线AZ端网元一致，且通道中关联伪线ID为空，且通道Z端端口和伪线端口均在业务接入点表中^0^2020-08-10 16:13:09^SYSTEM_NEW^2019-04-06 18:31:55^SYSTEM_NEW^2020-08-10 16:13:09^3033568043^^
^5865-楚雄市移动大楼集客落地二（备）_HX<->2005-楚雄州政务中心_B^-1128474154^53973601^--^--^^^2054^-701377764^56482232^-576033173^5865-楚雄市移动大楼集客落地二（备）_HX<->2005-楚雄州政务中心_B^1^^6^74^^^0^0^53935989^^^--^--^5865-楚雄市移动大楼集客落地二（备）_HX<->2005-楚雄州政务中心_B^5323HWCSTESPdc397b0dd0156deb^^^^^^^^^^5865-楚雄市移动大楼集客落地二（备）_HX<->2005-楚雄州政务中心_B^5323HWCSTPSWf74d88df9f07343d^通道AZ端网元与伪线AZ端网元一致，且通道中关联伪线ID为空，且通道A端端口和伪线端口均在业务接入点表中^0^2020-07-21 16:36:23^SYSTEM_NEW^2019-04-06 18:31:55^SYSTEM_NEW^2020-07-21 16:36:23^3033568044^^
^PW-全业务-559-文山市体校6200^-1770164841^53973202^^^^^2226^-1389746818^56578021^4808444565^PW-全业务-559-文山市体校6200^1^^9^118^^^0^0^53935988^^^^^PW-全业务-559-文山市体校6200^5326ZTCS1ESP0413339855PA8^^^^^^^^^^PW-全业务-559-文山市体校6200^5326ZTCS1PSW453WAFCEUXFY^通道AZ端网元与伪线AZ端网元一致，且通道中关联伪线ID为空，且通道Z端端口和伪线端口均在业务接入点表中^0^2021-12-27 06:04:31^SYSTEM_NEW^2018-12-20 06:08:09^SYSTEM_NEW^2021-12-27 06:04:31^3033568045^^
^PW-全业务-EVPTREE-墨江县中科山政法委专线^-1357772975^121371699^^^^^2217^-1357767852^122596893^3961933694^PW-全业务-EVPTREE-墨江县中科山政法委专线^1^^4^57^^^0^0^53935986^^^^1011^PW-全业务-EVPTREE-墨江县中科山政法委专线^5308ZTCS1ESP0106277025PA8^^^^^^^^^^PW-全业务-EVPTREE-墨江县中科山政法委专线^5308ZTCS1PSW44WHOXDHIR8G^通道AZ端网元与伪线AZ端网元一致，且通道中关联伪线ID为空，且通道Z端端口和伪线端口均在业务接入点表中^0^2021-05-11 15:16:10^SYSTEM_NEW^2018-12-20 04:46:10^SYSTEM_NEW^2021-05-11 15:16:10^3033568046^^
^PW-W-3686-祥云县新移动6300^145495875^53993941^^^^^^145730689^57826296^4854316568^^1^^5^70^^^0^0^53935982^^^^^PW-W-3686-祥云县新移动6300^5329ZTCS1ESP0782910088PAV^^^^^^^^^^PW-W-3686-祥云县新移动6300^5329ZTCS1PSW4506RW4NZA3D^^0^2021-12-29 00:28:20^SYSTEM_NEW^2021-12-18 22:35:05^SYSTEM_NEW^2021-12-29 00:28:20^4854256475^^
^PW-43-红河州元阳县移动楼四楼_HJ_961-元阳新街王国饮料厂-180801^53968468^53965463^^^^^366290^57098152^56714023^-577490804^PW-43-红河州元阳县移动楼四楼_HJ_961-元阳新街王国饮料厂-180801^1^^10^40^^^0^0^53935998^^^34^2052^PW-43-红河州元阳县移动楼四楼_HJ_961-元阳新街王国饮料厂-180801^5325ZTCS1ESP1263003614PDK^^^^^^^^^^PW-43-红河州元阳县移动楼四楼_HJ_961-元阳新街王国饮料厂-180801^5325ZTCS1PSW446CGB0O5FXS^通道AZ端网元与伪线AZ端网元一致，且通道中关联伪线ID为空，且通道A端端口和伪线端口均在业务接入点表中^0^2020-07-21 14:09:35^SYSTEM_NEW^2018-12-20 02:41:33^SYSTEM_NEW^2020-07-21 14:09:35^3033568206^^
^PW-43-红河州元阳县移动楼四楼_HJ_961-元阳新街王国饮料厂-180801^53968468^53965463^^^^^366290^57098152^56713980^-577490804^PW-43-红河州元阳县移动楼四楼_HJ_961-元阳新街王国饮料厂-180801^1^^10^40^^^0^0^53935998^^^34^2052^PW-43-红河州元阳县移动楼四楼_HJ_961-元阳新街王国饮料厂-180801^5325ZTCS1ESP1263003614PDK^^^^^^^^^^PW-43-红河州元阳县移动楼四楼_HJ_961-元阳新街王国饮料厂-180801^5325ZTCS1PSW446CGB0O5FXS^通道AZ端网元与伪线AZ端网元一致，且通道中关联伪线ID为空，且通道A端端口和伪线端口均在业务接入点表中^0^2020-07-21 14:09:35^SYSTEM_NEW^2018-12-20 02:41:33^SYSTEM_NEW^2020-07-21 14:09:35^3033568207^^
^PW-43-红河州元阳县移动楼四楼_HJ_961-元阳新街王国饮料厂-180801^53968468^53965463^^^^^366290^57098152^56713980^-577490804^PW-43-红河州元阳县移动楼四楼_HJ_961-元阳新街王国饮料厂-180801^1^^10^40^^^0^0^53935998^^^34^2052^PW-43-红河州元阳县移动楼四楼_HJ_961-元阳新街王国饮料厂-180801^5325ZTCS1ESP1263003614PDK^^^^^^^^^^PW-43-红河州元阳县移动楼四楼_HJ_961-元阳新街王国饮料厂-180801^5325ZTCS1PSW446CGB0O5FXS^通道AZ端网元与伪线AZ端网元一致，且通道中关联伪线ID为空，且通道A端端口和伪线端口均在业务接入点表中^0^2020-07-21 14:09:35^SYSTEM_NEW^2018-12-20 02:41:33^SYSTEM_NEW^2020-07-21 14:09:35^3033568208^^
^PW-全业务-7158-隆阳区公安局(新)_Q^-869394970^53977354^^^^^2015^-842365996^57005651^-83072290^PW-全业务-7158-隆阳区公安局(新)_Q^2^^8^93^^^0^0^53935997^^^3500^^PW-全业务-7158-隆阳区公安局(新)_Q^5305ZTCS1ESP209073895388ELRG^^^^^^^^^^PW-全业务-7158-隆阳区公安局(新)_Q^5305ZTCS1PSW44WIN95663YC^通道AZ端网元与伪线AZ端网元一致，且通道中关联伪线ID为空，且通道Z端端口和伪线端口均在业务接入点表中^0^2020-08-11 11:54:59^SYSTEM_NEW^2019-07-17 14:49:22^SYSTEM_NEW^2020-08-11 11:54:59^3033568209^^
^PW-全业务-7158-隆阳区公安局(新)_Q^-869394970^53977354^^^^^2015^-862939741^57006296^-83072290^PW-全业务-7158-隆阳区公安局(新)_Q^2^^8^93^^^0^0^53935997^^^3500^^PW-全业务-7158-隆阳区公安局(新)_Q^5305ZTCS1ESP209073895388ELRG^^^^^^^^^^PW-全业务-7158-隆阳区公安局(新)_Q^5305ZTCS1PSW44WIN95663YC^通道AZ端网元与伪线AZ端网元一致，且通道中关联伪线ID为空，且通道Z端端口和伪线端口均在业务接入点表中^0^2020-07-21 11:50:29^SYSTEM_NEW^2019-07-17 14:49:22^SYSTEM_NEW^2020-07-21 11:50:29^3033568210^^
^PW-全业务-7158-隆阳区公安局(新)_Q^-869394970^53977354^^^^^2015^-862939741^57008534^-83072290^PW-全业务-7158-隆阳区公安局(新)_Q^2^^8^93^^^0^0^53935997^^^3500^^PW-全业务-7158-隆阳区公安局(新)_Q^5305ZTCS1ESP209073895388ELRG^^^^^^^^^^PW-全业务-7158-隆阳区公安局(新)_Q^5305ZTCS1PSW44WIN95663YC^通道AZ端网元与伪线AZ端网元一致，且通道中关联伪线ID为空，且通道Z端端口和伪线端口均在业务接入点表中^0^2020-07-21 11:50:29^SYSTEM_NEW^2019-07-17 14:49:22^SYSTEM_NEW^2020-07-21 11:50:29^3033568211^^
^PW-全业务-EVPTREE-景东县勐令村委会政法委数据专线^-1361011170^53976438^^^^^2009^-1359836276^57168548^4807952174^PW-全业务-EVPTREE-景东县勐令村委会政法委数据专线^1^^4^53^^^0^0^53935986^^^^1042^PW-全业务-EVPTREE-景东县勐令村委会政法委数据专线^5308ZTCS1ESP2056577342PA8^^^^^^^^^^PW-全业务-EVPTREE-景东县勐令村委会政法委数据专线^5308ZTCS1PSW44WHOXDHISA9^通道AZ端网元与伪线AZ端网元一致，且通道中关联伪线ID为空，且通道Z端端口和伪线端口均在业务接入点表中^0^2021-12-27 04:42:07^SYSTEM_NEW^2018-12-20 04:46:18^SYSTEM_NEW^2021-12-27 04:42:07^3033568212^^
^师宗县五龙电力公司专线-vc^-146283954^53994148^--^--^^^2262^-146280331^-1841052798^3959007627^师宗县五龙电力公司专线-vc^1^^7^90^^^-146280488^-602438081^53935999^^^--^100^师宗县五龙电力公司专线-vc^5303FHCS1ESP50000000000114WV^^^^^^^^^^师宗县五龙电力公司专线-vc^5303FHCS1PSW3W000000008LTVVI^通道AZ端网元与伪线AZ端网元一致，且通道中关联伪线ID为空，且通道Z端端口和伪线端口均在业务接入点表中^0^2021-10-24 07:34:44^SYSTEM_NEW^2019-11-04 09:59:41^SYSTEM_NEW^2021-10-24 07:34:44^3033568214^^
^PW-W-1382-大理交警支队汇聚（专线）^53985443^145190973^^^^^2189^-477642203^145414135^4854315416^PW-W-1382-大理交警支队汇聚（专线）^1^^5^62^^^0^0^53935982^^^^^PW-W-1382-大理交警支队汇聚（专线）^5329ZTCS1ESP0276432194PCE^^^^^^^^^^PW-W-1382-大理交警支队汇聚（专线）^5329ZTCS1PSW4506RW4NV23R^通道AZ端网元与伪线AZ端网元一致，且通道中关联伪线ID为空，且通道Z端端口和伪线端口均在业务接入点表中^0^2021-12-29 00:26:42^SYSTEM_NEW^2018-12-20 00:55:49^SYSTEM_NEW^2021-12-29 00:26:42^3033568215^^
^PW-全业务-2648-文山市开化鱼寨6220^-1770164841^145808679^^^^^2226^-1389746818^146545574^4808443321^PW-全业务-2648-文山市开化鱼寨6220^1^^9^118^^^0^0^53935988^^^^^PW-全业务-2648-文山市开化鱼寨6220^5326ZTCS1ESP0413339855PA8^^^^^^^^^^PW-全业务-2648-文山市开化鱼寨6220^5326ZTCS1PSW453WAFCEUXFG^通道AZ端网元与伪线AZ端网元一致，且通道中关联伪线ID为空，且通道Z端端口和伪线端口均在业务接入点表中^0^2021-12-27 06:04:05^SYSTEM_NEW^2018-12-20 06:08:06^SYSTEM_NEW^2021-12-27 06:04:05^3033568216^^
^PW-全业务-706-广南电子政务^53967692^53976610^^^^^2226^56592568^56631545^-576272583^PW-全业务-706-广南电子政务^1^^9^120^^^0^0^53935988^^^^^PW-全业务-706-广南电子政务^5326ZTCS1ESP1943057844PB8^^^^^^^^^^PW-全业务-706-广南电子政务^5326ZTCS1PSW453WAFCEQVOC^通道AZ端网元与伪线ZA端网元一致，且通道中关联伪线ID为空，且通道A端端口和伪线端口均在业务接入点表中^0^2020-07-21 16:03:19^SYSTEM_NEW^2018-12-20 06:07:48^SYSTEM_NEW^2020-07-21 16:03:19^3033567877^^
^PW-全业务-706-广南电子政务^53967692^53976610^^^^^2226^56592570^56631545^-576272583^PW-全业务-706-广南电子政务^1^^9^120^^^0^0^53935988^^^^^PW-全业务-706-广南电子政务^5326ZTCS1ESP1943057844PB8^^^^^^^^^^PW-全业务-706-广南电子政务^5326ZTCS1PSW453WAFCEQVOC^通道AZ端网元与伪线ZA端网元一致，且通道中关联伪线ID为空，且通道A端端口和伪线端口均在业务接入点表中^0^2020-07-21 16:03:19^SYSTEM_NEW^2018-12-20 06:07:48^SYSTEM_NEW^2020-07-21 16:03:19^3033567878^^
^互联网专线-5656-巍山谷耳村-46-巍山新移动-PW-4^-1985259855^-1903563731^^^^^2058^-1981529712^-1902503876^4854310063^互联网专线-5656-巍山谷耳村-46-巍山新移动-PW-4^1^^5^69^^^0^0^53935982^^^^^互联网专线-5656-巍山谷耳村-46-巍山新移动-PW-4^5329ZTCS1ESP1802382555PAB^^^^^^^^^^互联网专线-5656-巍山谷耳村-46-巍山新移动-PW-4^5329ZTCS1PSW4506RW4NTPJM^通道AZ端网元与伪线ZA端网元一致，且通道中关联伪线ID为空，且通道A端端口和伪线端口均在业务接入点表中^0^2021-12-29 00:26:26^SYSTEM_NEW^2018-12-20 00:56:03^SYSTEM_NEW^2021-12-29 00:26:26^3033567879^^
^互联网专线-5656-巍山谷耳村-46-巍山新移动-PW-4^-1985259855^-1903563731^^^^^2058^-1981529711^-1902503876^-577938110^互联网专线-5656-巍山谷耳村-46-巍山新移动-PW-4^1^^5^69^^^0^0^53935982^^^^^互联网专线-5656-巍山谷耳村-46-巍山新移动-PW-4^5329ZTCS1ESP1802382555PAB^^^^^^^^^^互联网专线-5656-巍山谷耳村-46-巍山新移动-PW-4^5329ZTCS1PSW4506RW4NTPJM^通道AZ端网元与伪线ZA端网元一致，且通道中关联伪线ID为空，且通道Z端端口和伪线端口均在业务接入点表中^0^2020-07-21 13:09:16^SYSTEM_NEW^2018-12-20 00:56:03^SYSTEM_NEW^2020-07-21 13:09:16^3033567880^^
^8191-南华县兔街镇政府信访局_Q<->8223-南华县政务中心（全业务接入）_Q^0^0^--^--^^^2150^0^0^3962549572^8191-南华县兔街镇政府信访局_Q<->8223-南华县政务中心（全业务接入）_Q^1^^6^0^^^0^0^53935989^^^--^5^8191-南华县兔街镇政府信访局_Q<->8223-南华县政务中心（全业务接入）_Q^5323HWCSTETP1983695b0783760e^^^^^^^^^^8191-南华县兔街镇政府信访局_Q<->8223-南华县政务中心（全业务接入）_Q^5323HWCSTPSWa6db0047cd5ff9d7^通道AZ端网元与伪线ZA端网元一致，且通道中关联伪线ID为空，且通道A端端口和伪线端口均在业务接入点表中^0^2021-06-16 23:05:49^SYSTEM_NEW^2019-04-06 18:31:53^SYSTEM_NEW^2021-06-16 23:05:49^3033567881^^
^20006-楚雄市东华2_HJ<->5865-楚雄市移动大楼集客落地二（备）_HX^53973888^-1128474154^--^--^^^2054^56520832^-1119219040^-576032661^20006-楚雄市东华2_HJ<->5865-楚雄市移动大楼集客落地二（备）_HX^1^^6^74^^^0^0^53935989^^^--^--^20006-楚雄市东华2_HJ<->5865-楚雄市移动大楼集客落地二（备）_HX^5323HWCSTESP9d6faded78b7ef82^^^^^^^^^^20006-楚雄市东华2_HJ<->5865-楚雄市移动大楼集客落地二（备）_HX^5323HWCSTPSWc02d009325f27c0b^通道AZ端网元与伪线ZA端网元一致，且通道中关联伪线ID为空，且通道A端端口和伪线端口均在业务接入点表中^0^2020-08-10 16:13:05^SYSTEM_NEW^2019-04-06 18:31:57^SYSTEM_NEW^2020-08-10 16:13:05^3033567882^^
^20006-楚雄市东华2_HJ<->5865-楚雄市移动大楼集客落地二（备）_HX^53973888^-1128474154^--^--^^^2054^56527447^-701377764^-576032661^20006-楚雄市东华2_HJ<->5865-楚雄市移动大楼集客落地二（备）_HX^1^^6^74^^^0^0^53935989^^^--^--^20006-楚雄市东华2_HJ<->5865-楚雄市移动大楼集客落地二（备）_HX^5323HWCSTESP9d6faded78b7ef82^^^^^^^^^^20006-楚雄市东华2_HJ<->5865-楚雄市移动大楼集客落地二（备）_HX^5323HWCSTPSWc02d009325f27c0b^通道AZ端网元与伪线ZA端网元一致，且通道中关联伪线ID为空，且通道Z端端口和伪线端口均在业务接入点表中^0^2020-07-21 16:36:20^SYSTEM_NEW^2019-04-06 18:31:57^SYSTEM_NEW^2020-07-21 16:36:20^3033567883^^
^1001-楚雄市移动大楼落地三_HX<->5865-楚雄市移动大楼集客落地二（备）_HX^53973684^-1128474154^--^--^^^2054^56557907^-1119219040^-576033337^1001-楚雄市移动大楼落地三_HX<->5865-楚雄市移动大楼集客落地二（备）_HX^1^^6^74^^^0^0^53935989^^^--^--^1001-楚雄市移动大楼落地三_HX<->5865-楚雄市移动大楼集客落地二（备）_HX^5323HWCSTESPe3ae27a7da50fcdf^^^^^^^^^^1001-楚雄市移动大楼落地三_HX<->5865-楚雄市移动大楼集客落地二（备）_HX^5323HWCSTPSW74875a3877643c0f^通道AZ端网元与伪线ZA端网元一致，且通道中关联伪线ID为空，且通道A端端口和伪线端口均在业务接入点表中^0^2020-08-10 16:13:08^SYSTEM_NEW^2019-04-06 18:31:56^SYSTEM_NEW^2020-08-10 16:13:08^3033567884^^
^1001-楚雄市移动大楼落地三_HX<->5865-楚雄市移动大楼集客落地二（备）_HX^53973684^-1128474154^--^--^^^2054^56566533^-701377764^-576033337^1001-楚雄市移动大楼落地三_HX<->5865-楚雄市移动大楼集客落地二（备）_HX^1^^6^74^^^0^0^53935989^^^--^--^1001-楚雄市移动大楼落地三_HX<->5865-楚雄市移动大楼集客落地二（备）_HX^5323HWCSTESPe3ae27a7da50fcdf^^^^^^^^^^1001-楚雄市移动大楼落地三_HX<->5865-楚雄市移动大楼集客落地二（备）_HX^5323HWCSTPSW74875a3877643c0f^通道AZ端网元与伪线ZA端网元一致，且通道中关联伪线ID为空，且通道Z端端口和伪线端口均在业务接入点表中^0^2020-07-21 16:36:24^SYSTEM_NEW^2019-04-06 18:31:56^SYSTEM_NEW^2020-07-21 16:36:24^3033567885^^
^PW-营业厅改造-111-南涧移动-65-南涧碱坝^-1820371473^-1820371463^^^^^2203^-1813214017^-1813212492^4854310853^PW-营业厅改造-111-南涧移动-65-南涧碱坝^1^^5^68^^^0^0^53935982^^^^^PW-营业厅改造-111-南涧移动-65-南涧碱坝^5329ZTCS1ESP1435661725PA8^^^^^^^^^^PW-营业厅改造-111-南涧移动-65-南涧碱坝^5329ZTCS1PSW44W58DOQUDV0^通道AZ端网元与伪线ZA端网元一致，且通道中关联伪线ID为空，且通道Z端端口和伪线端口均在业务接入点表中^0^2021-12-29 00:26:11^SYSTEM_NEW^2018-12-20 00:55:40^SYSTEM_NEW^2021-12-29 00:26:11^3033567886^^
^W:PW-701-永胜综合楼9008_1113-期纳红砖厂-28178^54017577^-1878194565^20000^20000^^^2274^54744515^-1419756306^-577253033^W:PW-701-永胜综合楼9008_1113-期纳红砖厂-28178^1^^14^117^^^0^0^53935985^^^^127^W:PW-701-永胜综合楼9008_1113-期纳红砖厂-28178^5307ZTCS1ESP1074492738PAN^^^^^^^^^^W:PW-701-永胜综合楼9008_1113-期纳红砖厂-28178^5307ZTCS1PSW4516EMDOG4ZA^通道AZ端网元与伪线ZA端网元一致，且通道中关联伪线ID为空，且通道Z端端口和伪线端口均在业务接入点表中^0^2020-08-11 15:02:42^SYSTEM_NEW^2018-12-20 03:49:59^SYSTEM_NEW^2020-08-11 15:02:42^3033567887^^
^PW-4G-W-1392-宁蒗县移动楼PTN9004_HJ-125078^124751527^147838910^^^^^366335^-1419792698^214803366^-577242725^PW-4G-W-1392-宁蒗县移动楼PTN9004_HJ-125078^1^^14^116^^^0^0^53935985^^^127^^PW-4G-W-1392-宁蒗县移动楼PTN9004_HJ-125078^5307ZTCS1ESP0267465830PBH^^^^^^^^^^PW-4G-W-1392-宁蒗县移动楼PTN9004_HJ-125078^5307ZTCS1PSW4516EMDOIAL3^通道AZ端网元与伪线AZ端网元一致，且通道中关联伪线ID为空，且通道Z端端口和伪线端口均在业务接入点表中^0^2020-08-11 15:02:40^SYSTEM_NEW^2018-12-20 03:49:50^SYSTEM_NEW^2020-08-11 15:02:40^3033568048^^
^PW-W-3225-南涧县小湾神舟渡村^142668885^-1820371463^^^^^^142856579^-10914920^4854326754^^1^^5^68^^^0^0^53935982^^^2238^2238^PW-W-3225-南涧县小湾神舟渡村^5329ZTCS1ESP1078533402PAG^^^^^^^^^^PW-W-3225-南涧县小湾神舟渡村^5329ZTCS1PSW4506RW4NZA40^^0^2021-12-29 00:28:20^SYSTEM_NEW^2021-12-18 22:35:05^SYSTEM_NEW^2021-12-29 00:28:20^4854256476^^
^DNI:PW-6736-大理市新桥北（4F）2G-3G落地2_HX_6704-大理市新桥北（4F）2G-3G落地1_HX-184102^-1805467635^-1815888810^^^^^^0^0^4854313164^^1^^5^62^^^0^0^53935982^^^^^DNI:PW-6736-大理市新桥北（4F）2G-3G落地2_HX_6704-大理市新桥北（4F）2G-3G落地1_HX-184102^5329ZTCS1ETP473EUT^^^^^^^^^^DNI:PW-6736-大理市新桥北（4F）2G-3G落地2_HX_6704-大理市新桥北（4F）2G-3G落地1_HX-184102^5329ZTCS1PSW4506RW4NZA9N^^0^2021-12-29 00:28:20^SYSTEM_NEW^2021-12-18 22:35:05^SYSTEM_NEW^2021-12-29 00:28:20^4854256477^^
^PW -P-3284-漾濞县太平马鞍山^142920722^-1767672446^^^^^^143350426^2236717593^4854333276^^1^^5^71^^^0^0^53935982^^^2047^2047^PW -P-3284-漾濞县太平马鞍山^5329ZTCS1ESP0307852732PAM^^^^^^^^^^PW -P-3284-漾濞县太平马鞍山^5329ZTCS1PSW4506RW4NZAJP^^0^2021-12-29 00:28:20^SYSTEM_NEW^2021-12-18 22:35:05^SYSTEM_NEW^2021-12-29 00:28:20^4854256478^^
^PW-W-10013-云龙县功果桥电厂_Q^2520159706^-1836951027^1000000^3000^^^^2520225120^-1835800155^4854333474^^1^^5^73^^^0^0^53935982^^^^^PW-W-10013-云龙县功果桥电厂_Q^5329ZTCS1ETP68MLM6^^^^^^^^^^PW-W-10013-云龙县功果桥电厂_Q^5329ZTCS1PSW4506RW4NZARR^^0^2021-12-29 00:28:26^SYSTEM_NEW^2021-12-18 22:35:05^SYSTEM_NEW^2021-12-29 00:28:26^4854256479^^
^PW-W-10016-南涧县交警大队_Q^2522723941^-1499712677^^^^^^2522725813^-1498938975^4854340665^^1^^5^68^^^0^0^53935982^^^^^PW-W-10016-南涧县交警大队_Q^5329ZTCS1ESP2070896050PA9^^^^^^^^^^PW-W-10016-南涧县交警大队_Q^5329ZTCS1PSW4506RW4NZAWA^^0^2021-12-29 00:28:26^SYSTEM_NEW^2021-12-18 22:35:05^SYSTEM_NEW^2021-12-29 00:28:26^4854256480^^
^PW-W-2193-洱源县军马场收费站^53976804^-1820371477^^^^^^57993078^2445293629^4854331811^^1^^5^64^^^0^0^53935982^^^83^83^PW-W-2193-洱源县军马场收费站^5329ZTCS1ESP1129829686PAJ^^^^^^^^^^PW-W-2193-洱源县军马场收费站^5329ZTCS1PSW4506RW4NZAXJ^^0^2021-12-29 00:28:26^SYSTEM_NEW^2021-12-18 22:35:05^SYSTEM_NEW^2021-12-29 00:28:26^4854256481^^
^PW-W-3296-云龙县农业局拉远HL^142920723^-1748943727^^^^^^143349741^2465250101^4854334750^^1^^5^73^^^0^0^53935982^^^2015^2015^PW-W-3296-云龙县农业局拉远HL^5329ZTCS1ESP1373267971PAT^^^^^^^^^^PW-W-3296-云龙县农业局拉远HL^5329ZTCS1PSW4506RW4NZBJP^^0^2021-12-29 00:28:26^SYSTEM_NEW^2021-12-18 22:35:05^SYSTEM_NEW^2021-12-29 00:28:26^4854256482^^
^PW-W-3806-云龙县玉龙湾1^145994968^-1748943727^^^^^^146553110^2465250102^4854341293^^1^^5^73^^^0^0^53935982^^^19^19^PW-W-3806-云龙县玉龙湾1^5329ZTCS1ESP1275058511PAQ^^^^^^^^^^PW-W-3806-云龙县玉龙湾1^5329ZTCS1PSW4506RW4NZBQF^^0^2021-12-29 00:28:24^SYSTEM_NEW^2021-12-18 22:35:05^SYSTEM_NEW^2021-12-29 00:28:24^4854256483^^
^PW-全业务-EVPTREE-澜沧县雪亮工程芒角村数据专线SVLAN=88^-1365465500^236177530^^^^^2252^-926670212^236182916^4807948002^PW-全业务-EVPTREE-澜沧县雪亮工程芒角村数据专线SVLAN=88^1^^4^51^^^0^0^53935986^^^88^88^PW-全业务-EVPTREE-澜沧县雪亮工程芒角村数据专线SVLAN=88^5308ZTCS1ESP13619123534FVLZ5^^^^^^^^^^PW-全业务-EVPTREE-澜沧县雪亮工程芒角村数据专线SVLAN=88^5308ZTCS1PSW44WHOXDHIQWF^通道AZ端网元与伪线AZ端网元一致，且通道中关联伪线ID为空，且通道Z端端口和伪线端口均在业务接入点表中^0^2021-12-27 04:42:17^SYSTEM_NEW^2018-12-20 04:45:48^SYSTEM_NEW^2021-12-27 04:42:17^3033568057^^
^PW-全业务-EVPTREE-孟连县永勒政法委专线^-1365465500^1921534887^^^^^2252^-926670212^1938441828^4807952652^PW-全业务-EVPTREE-孟连县永勒政法委专线^1^^4^51^^^0^0^53935986^^^88^88^PW-全业务-EVPTREE-孟连县永勒政法委专线^5308ZTCS1ESP13619123534FVLZ5^^^^^^^^^^PW-全业务-EVPTREE-孟连县永勒政法委专线^5308ZTCS1PSW44WHOXDHIRBW^通道AZ端网元与伪线AZ端网元一致，且通道中关联伪线ID为空，且通道Z端端口和伪线端口均在业务接入点表中^0^2021-12-27 04:41:52^SYSTEM_NEW^2018-12-20 04:46:12^SYSTEM_NEW^2021-12-27 04:41:52^3033568058^^
^DNI:PW-6021-云龙县邮电6500-L2L3备_HX_7097-云龙县新移动6500-L2L3主_HX-185217^-1893193931^-1748943727^^^^^^2465249482^2465250101^4854334305^^1^^5^73^^^0^0^53935982^^^2022^2022^DNI:PW-6021-云龙县邮电6500-L2L3备_HX_7097-云龙县新移动6500-L2L3主_HX-185217^5329ZTCS1ESP18227323476MQH9I^^^^^^^^^^DNI:PW-6021-云龙县邮电6500-L2L3备_HX_7097-云龙县新移动6500-L2L3主_HX-185217^5329ZTCS1PSW4506RW4NZBRZ^^0^2021-12-29 00:28:24^SYSTEM_NEW^2021-12-18 22:35:05^SYSTEM_NEW^2021-12-29 00:28:24^4854256484^^
^PW-W-4271-云龙县漕涧下澡塘2_B^234790306^-1748943727^^^^^^234816632^2465250102^4854339226^^1^^5^73^^^0^0^53935982^^^99^99^PW-W-4271-云龙县漕涧下澡塘2_B^5329ZTCS1ESP1668608282PAI^^^^^^^^^^PW-W-4271-云龙县漕涧下澡塘2_B^5329ZTCS1PSW4506RW4NZC19^^0^2021-12-29 00:28:24^SYSTEM_NEW^2021-12-18 22:35:05^SYSTEM_NEW^2021-12-29 00:28:24^4854256485^^
^PW -P-4289-云龙县宝丰南新二_B^234790313^-1893193931^^^^^^234816717^2465249482^4854329516^^1^^5^73^^^0^0^53935982^^^2101^2101^PW -P-4289-云龙县宝丰南新二_B^5329ZTCS1ESP1978126655PAO^^^^^^^^^^PW -P-4289-云龙县宝丰南新二_B^5329ZTCS1PSW4506RW4NZC1Q^^0^2021-12-29 00:28:24^SYSTEM_NEW^2021-12-18 22:35:05^SYSTEM_NEW^2021-12-29 00:28:24^4854256486^^
^DNI:PW-6126-鹤庆县新移动6500-L2L3备_HX_6137-鹤庆县花树村6500-L2L3主_HX-164151^-1872825676^-1872825696^^^^^^2239572758^2239572762^4854332177^^1^^5^65^^^0^0^53935982^^^2228^2228^DNI:PW-6126-鹤庆县新移动6500-L2L3备_HX_6137-鹤庆县花树村6500-L2L3主_HX-164151^5329ZTCS1ESP04313785596URUES^^^^^^^^^^DNI:PW-6126-鹤庆县新移动6500-L2L3备_HX_6137-鹤庆县花树村6500-L2L3主_HX-164151^5329ZTCS1PSW4506RW4NYSF0^^0^2021-12-29 00:27:39^SYSTEM_NEW^2021-12-18 22:35:05^SYSTEM_NEW^2021-12-29 00:27:39^4854256488^^
^PW-全业务-2648-文山市开化鱼寨6220^-1770164841^145808679^^^^^2226^-1375670253^146546635^-576266494^PW-全业务-2648-文山市开化鱼寨6220^1^^9^118^^^0^0^53935988^^^^^PW-全业务-2648-文山市开化鱼寨6220^5326ZTCS1ESP0413339855PA8^^^^^^^^^^PW-全业务-2648-文山市开化鱼寨6220^5326ZTCS1PSW453WAFCEUXFG^通道AZ端网元与伪线AZ端网元一致，且通道中关联伪线ID为空，且通道Z端端口和伪线端口均在业务接入点表中^0^2020-07-21 16:03:50^SYSTEM_NEW^2018-12-20 06:08:06^SYSTEM_NEW^2020-07-21 16:03:50^3033568217^^
^PW-全业务-98-六库丹桂苑（山水蓝岸二期传输节点）9004_HJ-743-福贡县赤恒底6220^53974337^214754151^^^^^2025^-1193375924^148220086^4757118178^PW-全业务-98-六库丹桂苑（山水蓝岸二期传输节点）9004_HJ-743-福贡县赤恒底6220^1^^15^130^^^0^0^53935991^^^604,605^^PW-全业务-98-六库丹桂苑（山水蓝岸二期传输节点）9004_HJ-743-福贡县赤恒底6220^5333ZTCS1ESP0166239498PB6^^^^^^^^^^PW-全业务-98-六库丹桂苑（山水蓝岸二期传输节点）9004_HJ-743-福贡县赤恒底6220^5333ZTCS1PSW4553NUR3HWQG^通道AZ端网元与伪线AZ端网元一致，且通道中关联伪线ID为空，且通道Z端端口和伪线端口均在业务接入点表中^0^2021-12-24 21:43:52^SYSTEM_NEW^2019-07-31 18:25:43^SYSTEM_NEW^2021-12-24 21:43:52^3033568218^^
^PW-166-西环中心-ZX-PTN_20-移动大楼1-ZX-PTN-4084^53968103^53968108^^^^^366261^56317794^57070049^4738614442^PW-166-西环中心-ZX-PTN_20-移动大楼1-ZX-PTN-4084^1^^13^111^^^0^0^53935987^^^99^99^PW-166-西环中心-ZX-PTN_20-移动大楼1-ZX-PTN-4084^5328ZTCS1ESP1404405910PBS^^^^^^^^^^PW-166-西环中心-ZX-PTN_20-移动大楼1-ZX-PTN-4084^5328ZTCS1PSW454F1COB2LAV^通道AZ端网元与伪线ZA端网元一致，且通道中关联伪线ID为空，且通道Z端端口和伪线端口均在业务接入点表中^0^2021-12-28 13:37:18^SYSTEM_NEW^2018-12-19 21:40:28^SYSTEM_NEW^2021-12-28 13:37:18^3033567888^^
^PW-166-西环中心-ZX-PTN_20-移动大楼1-ZX-PTN-4084^53968103^53968108^^^^^366261^56318449^56323719^-578735590^PW-166-西环中心-ZX-PTN_20-移动大楼1-ZX-PTN-4084^1^^13^111^^^0^0^53935987^^^99^99^PW-166-西环中心-ZX-PTN_20-移动大楼1-ZX-PTN-4084^5328ZTCS1ESP1404405910PBS^^^^^^^^^^PW-166-西环中心-ZX-PTN_20-移动大楼1-ZX-PTN-4084^5328ZTCS1PSW454F1COB2LAV^通道AZ端网元与伪线ZA端网元一致，且通道中关联伪线ID为空，且通道Z端端口和伪线端口均在业务接入点表中^0^2020-07-21 11:14:47^SYSTEM_NEW^2018-12-19 21:40:28^SYSTEM_NEW^2020-07-21 11:14:47^3033567889^^
^PW-148-良种场-ZX-PTN_20-移动大楼1-ZX-PTN-4004^53967649^53968108^^^^^366261^56355219^57070049^4738615857^PW-148-良种场-ZX-PTN_20-移动大楼1-ZX-PTN-4004^1^^13^111^^^0^0^53935987^^^99^99^PW-148-良种场-ZX-PTN_20-移动大楼1-ZX-PTN-4004^5328ZTCS1ESP1854044595PAJ^^^^^^^^^^PW-148-良种场-ZX-PTN_20-移动大楼1-ZX-PTN-4004^5328ZTCS1PSW454F1COB2L93^通道AZ端网元与伪线ZA端网元一致，且通道中关联伪线ID为空，且通道Z端端口和伪线端口均在业务接入点表中^0^2021-12-28 13:37:41^SYSTEM_NEW^2018-12-19 21:40:30^SYSTEM_NEW^2021-12-28 13:37:41^3033567890^^
^19-2946-临翔区和谐广场<->112-临翔区临沧移动枢纽楼（新局六楼）_HX^0^0^--^--^^^366226^0^0^3962739026^19-2946-临翔区和谐广场<->112-临翔区临沧移动枢纽楼（新局六楼）_HX^1^^12^0^^^0^0^53936001^^^1001^301-304,1001^19-2946-临翔区和谐广场<->112-临翔区临沧移动枢纽楼（新局六楼）_HX^5309HWCSTETPa32b85e6bc1a8a98^^^^^^^^^^19-2946-临翔区和谐广场<->112-临翔区临沧移动枢纽楼（新局六楼）_HX^5309HWCSTPSWbf87f115928c081a^通道AZ端网元与伪线ZA端网元一致，且通道中关联伪线ID为空，且通道Z端端口和伪线端口均在业务接入点表中^0^2021-06-17 05:13:36^SYSTEM_NEW^2018-12-20 07:56:20^SYSTEM_NEW^2021-06-17 05:13:36^3033567891^^
^19-2946-临翔区和谐广场<->112-临翔区临沧移动枢纽楼（新局六楼）_HX^53986031^215460246^--^--^^^366226^57586698^217782187^-575867802^19-2946-临翔区和谐广场<->112-临翔区临沧移动枢纽楼（新局六楼）_HX^1^^12^103^^^0^0^53936001^^^1001^301-304,1001^19-2946-临翔区和谐广场<->112-临翔区临沧移动枢纽楼（新局六楼）_HX^5309HWCSTESPd9f06676487e9b5a^^^^^^^^^^19-2946-临翔区和谐广场<->112-临翔区临沧移动枢纽楼（新局六楼）_HX^5309HWCSTPSWbf87f115928c081a^通道AZ端网元与伪线ZA端网元一致，且通道中关联伪线ID为空，且通道Z端端口和伪线端口均在业务接入点表中^0^2020-07-21 17:08:21^SYSTEM_NEW^2018-12-20 07:56:20^SYSTEM_NEW^2020-07-21 17:08:21^3033567892^^
^8410-五华区黄土坡公交车队第八队<->4396-五华区昆明公交集团(集客)^53998583^53986055^--^--^^^366322^0^0^3959731179^8410-五华区黄土坡公交车队第八队<->4396-五华区昆明公交集团(集客)^1^^2^10304^^^0^0^53935984^^^2^--^8410-五华区黄土坡公交车队第八队<->4396-五华区昆明公交集团(集客)^5301HWCSTETP662b8e00e7485052^^^^^^^^^^8410-五华区黄土坡公交车队第八队<->4396-五华区昆明公交集团(集客)^5301HWCSTPSWec9089a5a45a7ef3^通道AZ端网元与伪线ZA端网元一致，且通道中关联伪线ID为空，且通道Z端端口和伪线端口均在业务接入点表中^0^2021-06-15 10:21:58^SYSTEM_NEW^2018-12-19 19:35:12^SYSTEM_NEW^2021-06-15 10:21:58^3033567893^^
^6145-盐津县拖湾电站_B<->7410-盐津县公安局平安城市_Q^145191314^-1782308309^--^--^^^366291^1932556403^-1781811821^-575502317^6145-盐津县拖湾电站_B<->7410-盐津县公安局平安城市_Q^1^^16^139^^^0^0^53936000^^^--^3108,4067-4068,4074,4077-4078^6145-盐津县拖湾电站_B<->7410-盐津县公安局平安城市_Q^5306HWCSTESPb824e1b6cf9e68ee^^^^^^^^^^6145-盐津县拖湾电站_B<->7410-盐津县公安局平安城市_Q^5306HWCSTPSWec976c05bd11412f^通道AZ端网元与伪线ZA端网元一致，且通道中关联伪线ID为空，且通道Z端端口和伪线端口均在业务接入点表中^0^2020-08-10 17:05:16^SYSTEM_NEW^2018-12-20 09:07:09^SYSTEM_NEW^2020-08-10 17:05:16^3033567894^^
^6145-盐津县拖湾电站_B<->7410-盐津县公安局平安城市_Q^145191314^-1782308309^--^--^^^366291^1932556404^-1781811818^-575502317^6145-盐津县拖湾电站_B<->7410-盐津县公安局平安城市_Q^1^^16^139^^^0^0^53936000^^^--^3108,4067-4068,4074,4077-4078^6145-盐津县拖湾电站_B<->7410-盐津县公安局平安城市_Q^5306HWCSTESPb824e1b6cf9e68ee^^^^^^^^^^6145-盐津县拖湾电站_B<->7410-盐津县公安局平安城市_Q^5306HWCSTPSWec976c05bd11412f^通道AZ端网元与伪线ZA端网元一致，且通道中关联伪线ID为空，且通道Z端端口和伪线端口均在业务接入点表中^0^2020-07-21 17:39:50^SYSTEM_NEW^2018-12-20 09:07:09^SYSTEM_NEW^2020-07-21 17:39:50^3033567895^^
^PW -P-1575-洱源县茈碧湖洱周路口^53988684^2938097781^^^^^^57634054^2994803317^4854330978^^1^^5^64^^^0^0^53935982^^^2033^2033^PW -P-1575-洱源县茈碧湖洱周路口^5329ZTCS1ESP1874001700PAV^^^^^^^^^^PW -P-1575-洱源县茈碧湖洱周路口^5329ZTCS1PSW4506RW4NZ56U^^0^2021-12-29 00:28:20^SYSTEM_NEW^2021-12-18 22:35:05^SYSTEM_NEW^2021-12-29 00:28:20^4854256385^^
^PW-全业务-互联网专线-华能马厂风电场（集客）^-1820371477^-1924547572^^^^^2195^-1816079238^-1919856308^4854313600^PW-全业务-互联网专线-华能马厂风电场（集客）^1^^5^64^^^0^0^53935982^^^^^PW-全业务-互联网专线-华能马厂风电场（集客）^5329ZTCS1ESP0772706459PA8^^^^^^^^^^PW-全业务-互联网专线-华能马厂风电场（集客）^5329ZTCS1PSW4506RW4NT5E6^通道AZ端网元与伪线AZ端网元一致，且通道中关联伪线ID为空，且通道Z端端口和伪线端口均在业务接入点表中^0^2021-12-29 00:26:17^SYSTEM_NEW^2018-12-20 00:55:37^SYSTEM_NEW^2021-12-29 00:26:17^3033567897^^
^PW-W-6936-洱源县茈碧湖独家村_B^-1782932464^-1820371477^^^^^^-1782173948^2445293639^4854331767^^1^^5^64^^^0^0^53935982^^^110^110^PW-W-6936-洱源县茈碧湖独家村_B^5329ZTCS1ESP14417735204K4PYM^^^^^^^^^^PW-W-6936-洱源县茈碧湖独家村_B^5329ZTCS1PSW4506RW4NZ58T^^0^2021-12-29 00:28:20^SYSTEM_NEW^2021-12-18 22:35:05^SYSTEM_NEW^2021-12-29 00:28:20^4854256386^^
^PW-全业务-EVPTREE-孟连县永勒政法委专线^-1365465500^1921534887^^^^^2252^-1364215154^1938441835^-576930365^PW-全业务-EVPTREE-孟连县永勒政法委专线^1^^4^51^^^0^0^53935986^^^88^88^PW-全业务-EVPTREE-孟连县永勒政法委专线^5308ZTCS1ESP13619123534FVLZ5^^^^^^^^^^PW-全业务-EVPTREE-孟连县永勒政法委专线^5308ZTCS1PSW44WHOXDHIRBW^通道AZ端网元与伪线AZ端网元一致，且通道中关联伪线ID为空，且通道Z端端口和伪线端口均在业务接入点表中^0^2020-07-21 15:27:44^SYSTEM_NEW^2018-12-20 04:46:12^SYSTEM_NEW^2020-07-21 15:27:44^3033568059^^
^PW-全业务-EVPTREE-孟连县永勒政法委专线^-1365465500^1921534887^^^^^2252^-1364215152^1938441835^-576930365^PW-全业务-EVPTREE-孟连县永勒政法委专线^1^^4^51^^^0^0^53935986^^^88^88^PW-全业务-EVPTREE-孟连县永勒政法委专线^5308ZTCS1ESP13619123534FVLZ5^^^^^^^^^^PW-全业务-EVPTREE-孟连县永勒政法委专线^5308ZTCS1PSW44WHOXDHIRBW^通道AZ端网元与伪线AZ端网元一致，且通道中关联伪线ID为空，且通道Z端端口和伪线端口均在业务接入点表中^0^2020-07-21 15:27:44^SYSTEM_NEW^2018-12-20 04:46:12^SYSTEM_NEW^2020-07-21 15:27:44^3033568060^^
^12074-牟定县统计局_Q<->12192-牟定县电子政务网汇聚_Q^53991603^271835811^--^--^^^2304^57699000^-1525470813^-576056902^12074-牟定县统计局_Q<->12192-牟定县电子政务网汇聚_Q^1^^6^77^^^0^0^53935989^^^17,19-21,63-66^--^12074-牟定县统计局_Q<->12192-牟定县电子政务网汇聚_Q^5323HWCSTESP755ebaf9075353c1^^^^^^^^^^12074-牟定县统计局_Q<->12192-牟定县电子政务网汇聚_Q^5323HWCSTPSW0bd2c147d8cf5f95^通道AZ端网元与伪线ZA端网元一致，且通道中关联伪线ID为空，且通道A端端口和伪线端口均在业务接入点表中^0^2020-08-10 16:13:05^SYSTEM_NEW^2019-04-06 18:31:56^SYSTEM_NEW^2020-08-10 16:13:05^3033568061^^
^12074-牟定县统计局_Q<->12192-牟定县电子政务网汇聚_Q^53991603^271835811^--^--^^^2304^57699714^271837138^-576056902^12074-牟定县统计局_Q<->12192-牟定县电子政务网汇聚_Q^1^^6^77^^^0^0^53935989^^^17,19-21,63-66^--^12074-牟定县统计局_Q<->12192-牟定县电子政务网汇聚_Q^5323HWCSTESP755ebaf9075353c1^^^^^^^^^^12074-牟定县统计局_Q<->12192-牟定县电子政务网汇聚_Q^5323HWCSTPSW0bd2c147d8cf5f95^通道AZ端网元与伪线ZA端网元一致，且通道中关联伪线ID为空，且通道A端端口和伪线端口均在业务接入点表中^0^2020-07-21 16:36:20^SYSTEM_NEW^2019-04-06 18:31:56^SYSTEM_NEW^2020-07-21 16:36:20^3033568062^^
^12074-牟定县统计局_Q<->12192-牟定县电子政务网汇聚_Q^53991603^271835811^--^--^^^2304^57699714^271837138^-576056902^12074-牟定县统计局_Q<->12192-牟定县电子政务网汇聚_Q^1^^6^77^^^0^0^53935989^^^17,19-21,63-66^--^12074-牟定县统计局_Q<->12192-牟定县电子政务网汇聚_Q^5323HWCSTESP755ebaf9075353c1^^^^^^^^^^12074-牟定县统计局_Q<->12192-牟定县电子政务网汇聚_Q^5323HWCSTPSW0bd2c147d8cf5f95^通道AZ端网元与伪线ZA端网元一致，且通道中关联伪线ID为空，且通道Z端端口和伪线端口均在业务接入点表中^0^2020-07-21 16:36:20^SYSTEM_NEW^2019-04-06 18:31:56^SYSTEM_NEW^2020-07-21 16:36:20^3033568063^^
^12074-牟定县统计局_Q<->12192-牟定县电子政务网汇聚_Q^53991603^271835811^--^--^^^2304^57699714^271837138^-576056902^12074-牟定县统计局_Q<->12192-牟定县电子政务网汇聚_Q^1^^6^77^^^0^0^53935989^^^17,19-21,63-66^--^12074-牟定县统计局_Q<->12192-牟定县电子政务网汇聚_Q^5323HWCSTESP755ebaf9075353c1^^^^^^^^^^12074-牟定县统计局_Q<->12192-牟定县电子政务网汇聚_Q^5323HWCSTPSW0bd2c147d8cf5f95^通道AZ端网元与伪线ZA端网元一致，且通道中关联伪线ID为空，且通道Z端端口和伪线端口均在业务接入点表中^0^2020-07-21 16:36:20^SYSTEM_NEW^2019-04-06 18:31:56^SYSTEM_NEW^2020-07-21 16:36:20^3033568064^^
^3140-楚雄市合丰楼（财鑫园）<->5864-楚雄市移动大楼集客落地一（主）_HX^54029353^-1128474153^--^--^^^2054^-1870534777^-1119218990^2570157395^3140-楚雄市合丰楼（财鑫园）<->5864-楚雄市移动大楼集客落地一（主）_HX^1^^6^74^^^0^0^53935989^^^--^--^3140-楚雄市合丰楼（财鑫园）<->5864-楚雄市移动大楼集客落地一（主）_HX^5323HWCSTESPc5ff36c3a4337f1c^^^^^^^^^^3140-楚雄市合丰楼（财鑫园）<->5864-楚雄市移动大楼集客落地一（主）_HX^5323HWCSTPSW02fd0d88f87188fb^通道AZ端网元与伪线ZA端网元一致，且通道中关联伪线ID为空，且通道A端端口和伪线端口均在业务接入点表中^0^2020-08-10 16:13:06^SYSTEM_NEW^2019-04-06 18:31:52^SYSTEM_NEW^2020-08-10 16:13:06^3033568065^^
^3140-楚雄市合丰楼（财鑫园）<->5864-楚雄市移动大楼集客落地一（主）_HX^54029353^-1128474153^--^--^^^2054^55004799^-701377370^2570157395^3140-楚雄市合丰楼（财鑫园）<->5864-楚雄市移动大楼集客落地一（主）_HX^1^^6^74^^^0^0^53935989^^^--^--^3140-楚雄市合丰楼（财鑫园）<->5864-楚雄市移动大楼集客落地一（主）_HX^5323HWCSTESPc5ff36c3a4337f1c^^^^^^^^^^3140-楚雄市合丰楼（财鑫园）<->5864-楚雄市移动大楼集客落地一（主）_HX^5323HWCSTPSW02fd0d88f87188fb^通道AZ端网元与伪线ZA端网元一致，且通道中关联伪线ID为空，且通道Z端端口和伪线端口均在业务接入点表中^0^2020-07-21 16:36:21^SYSTEM_NEW^2019-04-06 18:31:52^SYSTEM_NEW^2020-07-21 16:36:21^3033568066^^
^党政专线^53996186^-1892471874^^^^^2053^57902039^-1890408762^4854310213^党政专线^1^^5^453647^^^0^0^53935982^^^^^党政专线^5329ZTCS1ESP0751895867PA9^^^^^^^^^^党政专线^5329ZTCS1PSW4506RW4NRM7E^通道AZ端网元与伪线ZA端网元一致，且通道中关联伪线ID为空，且通道A端端口和伪线端口均在业务接入点表中^0^2021-12-29 00:26:31^SYSTEM_NEW^2018-12-20 00:55:45^SYSTEM_NEW^2021-12-29 00:26:31^3033568067^^
^党政专线^53996186^-1892471874^^^^^2053^57902080^-1890408762^-577940260^党政专线^1^^5^453647^^^0^0^53935982^^^^^党政专线^5329ZTCS1ESP0751895867PA9^^^^^^^^^^党政专线^5329ZTCS1PSW4506RW4NRM7E^通道AZ端网元与伪线ZA端网元一致，且通道中关联伪线ID为空，且通道Z端端口和伪线端口均在业务接入点表中^0^2020-07-21 13:09:49^SYSTEM_NEW^2018-12-20 00:55:45^SYSTEM_NEW^2020-07-21 13:09:49^3033568068^^
^PW-营业厅改造-9184-大理市龙山6500_HJ-6685-大理市新桥北（4F）全业务落地6500_HX^-780183036^-1819270317^^^^^2189^-692363056^-1807274411^4854311752^PW-营业厅改造-9184-大理市龙山6500_HJ-6685-大理市新桥北（4F）全业务落地6500_HX^1^^5^62^^^0^0^53935982^^^^^PW-营业厅改造-9184-大理市龙山6500_HJ-6685-大理市新桥北（4F）全业务落地6500_HX^5329ZTCS1ESP0062871507PA8^^^^^^^^^^PW-营业厅改造-9184-大理市龙山6500_HJ-6685-大理市新桥北（4F）全业务落地6500_HX^5329ZTCS1PSW4506RW4NWU8Y^通道AZ端网元与伪线ZA端网元一致，且通道中关联伪线ID为空，且通道A端端口和伪线端口均在业务接入点表中^0^2021-12-29 00:27:14^SYSTEM_NEW^2018-12-20 00:56:02^SYSTEM_NEW^2021-12-29 00:27:14^3033568069^^
^7410-盐津县公安局平安城市_Q<->6152-盐津县豆沙灯台_B^-1782308309^214610910^--^--^^^366291^-1781811821^-1425191448^-575478590^7410-盐津县公安局平安城市_Q<->6152-盐津县豆沙灯台_B^1^^16^139^^^0^0^53936000^^^3108,4067-4068,4074,4077-4078^--^7410-盐津县公安局平安城市_Q<->6152-盐津县豆沙灯台_B^5306HWCSTESP474d3ba9f2ea2906^^^^^^^^^^7410-盐津县公安局平安城市_Q<->6152-盐津县豆沙灯台_B^5306HWCSTPSW025f0c29c3042e7a^通道AZ端网元与伪线AZ端网元一致，且通道中关联伪线ID为空，且通道Z端端口和伪线端口均在业务接入点表中^0^2020-08-10 17:05:18^SYSTEM_NEW^2018-12-20 09:07:09^SYSTEM_NEW^2020-08-10 17:05:18^3033568231^^
^PW-全业务-EPTREE-景东县MDCN-OA-缴费业务^53966369^53976550^3600^2600^^^2009^56207097^56652444^4807933513^PW-全业务-EPTREE-景东县MDCN-OA-缴费业务^1^^4^53^^^0^0^53935986^^^^^PW-全业务-EPTREE-景东县MDCN-OA-缴费业务^5308ZTCS1ESP2127634490PAW^^^^^^^^^^PW-全业务-EPTREE-景东县MDCN-OA-缴费业务^5308ZTCS1PSW44VYELRK4FGU^通道AZ端网元与伪线AZ端网元一致，且通道中关联伪线ID为空，且通道Z端端口和伪线端口均在业务接入点表中^0^2021-12-27 04:41:30^SYSTEM_NEW^2018-12-20 04:45:43^SYSTEM_NEW^2021-12-27 04:41:30^3033568232^^
^PW-全业务-EPTREE-景东县MDCN-OA-缴费业务^53966369^53976550^3600^2600^^^2009^241393041^238731007^-576949513^PW-全业务-EPTREE-景东县MDCN-OA-缴费业务^1^^4^53^^^0^0^53935986^^^^^PW-全业务-EPTREE-景东县MDCN-OA-缴费业务^5308ZTCS1ESP2127634490PAW^^^^^^^^^^PW-全业务-EPTREE-景东县MDCN-OA-缴费业务^5308ZTCS1PSW44VYELRK4FGU^通道AZ端网元与伪线AZ端网元一致，且通道中关联伪线ID为空，且通道Z端端口和伪线端口均在业务接入点表中^0^2020-07-21 15:27:42^SYSTEM_NEW^2018-12-20 04:45:43^SYSTEM_NEW^2020-07-21 15:27:42^3033568233^^
^9228-大姚县电力公司_Q<->9240-大姚县三岔河基站_Q^0^0^--^--^^^2103^0^0^3962549262^9228-大姚县电力公司_Q<->9240-大姚县三岔河基站_Q^1^^6^0^^^0^0^53935989^^^400^--^9228-大姚县电力公司_Q<->9240-大姚县三岔河基站_Q^5323HWCSTETPf26cde9f373873ec^^^^^^^^^^9228-大姚县电力公司_Q<->9240-大姚县三岔河基站_Q^5323HWCSTPSWf75e119011f86d5d^通道AZ端网元与伪线AZ端网元一致，且通道中关联伪线ID为空，且通道Z端端口和伪线端口均在业务接入点表中^0^2021-06-16 23:05:52^SYSTEM_NEW^2019-04-06 18:31:56^SYSTEM_NEW^2021-06-16 23:05:52^3033568234^^
^9228-大姚县电力公司_Q<->9240-大姚县三岔河基站_Q^1710930969^1710930989^--^--^^^2103^1746397828^1746398682^-576054688^9228-大姚县电力公司_Q<->9240-大姚县三岔河基站_Q^1^^6^75^^^0^0^53935989^^^--^--^9228-大姚县电力公司_Q<->9240-大姚县三岔河基站_Q^5323HWCSTESP02d3f3a50a297431^^^^^^^^^^9228-大姚县电力公司_Q<->9240-大姚县三岔河基站_Q^5323HWCSTPSWf75e119011f86d5d^通道AZ端网元与伪线AZ端网元一致，且通道中关联伪线ID为空，且通道Z端端口和伪线端口均在业务接入点表中^0^2020-07-21 16:36:20^SYSTEM_NEW^2019-04-06 18:31:56^SYSTEM_NEW^2020-07-21 16:36:20^3033568235^^
^9228-大姚县电力公司_Q<->9240-大姚县三岔河基站_Q^1710930969^1710930989^--^--^^^2103^1746397828^1746398683^-576054688^9228-大姚县电力公司_Q<->9240-大姚县三岔河基站_Q^1^^6^75^^^0^0^53935989^^^--^--^9228-大姚县电力公司_Q<->9240-大姚县三岔河基站_Q^5323HWCSTESP02d3f3a50a297431^^^^^^^^^^9228-大姚县电力公司_Q<->9240-大姚县三岔河基站_Q^5323HWCSTPSWf75e119011f86d5d^通道AZ端网元与伪线AZ端网元一致，且通道中关联伪线ID为空，且通道Z端端口和伪线端口均在业务接入点表中^0^2020-07-21 16:36:20^SYSTEM_NEW^2019-04-06 18:31:56^SYSTEM_NEW^2020-07-21 16:36:20^3033568236^^
^DNI:PW-6126-鹤庆县新移动6500-L2L3备_HX_6137-鹤庆县花树村6500-L2L3主_HX-168532^-1872825676^-1872825696^^^^^^2341685213^2341620144^4854332177^^1^^5^65^^^0^0^53935982^^^59^59^DNI:PW-6126-鹤庆县新移动6500-L2L3备_HX_6137-鹤庆县花树村6500-L2L3主_HX-168532^5329ZTCS1ESP04878375944I52YJ^^^^^^^^^^DNI:PW-6126-鹤庆县新移动6500-L2L3备_HX_6137-鹤庆县花树村6500-L2L3主_HX-168532^5329ZTCS1PSW4506RW4NYUSQ^^0^2021-12-29 00:27:21^SYSTEM_NEW^2021-12-18 22:35:05^SYSTEM_NEW^2021-12-29 00:27:21^4854256527^^
^PW-全业务-互联网专线-华能马厂风电场（集客）^-1820371477^-1924547572^^^^^2195^-1816079229^-1919856304^-577928373^PW-全业务-互联网专线-华能马厂风电场（集客）^1^^5^64^^^0^0^53935982^^^^^PW-全业务-互联网专线-华能马厂风电场（集客）^5329ZTCS1ESP0772706459PA8^^^^^^^^^^PW-全业务-互联网专线-华能马厂风电场（集客）^5329ZTCS1PSW4506RW4NT5E6^通道AZ端网元与伪线AZ端网元一致，且通道中关联伪线ID为空，且通道A端端口和伪线端口均在业务接入点表中^0^2020-07-21 13:09:17^SYSTEM_NEW^2018-12-20 00:55:37^SYSTEM_NEW^2020-07-21 13:09:17^3033567898^^
^PW-专线-W-3388-景洪市景哈岔路口-6150^-120230639^-1819989218^^^^^366261^-120175149^-1819401201^2199443749^PW-专线-W-3388-景洪市景哈岔路口-6150^1^^13^111^^^0^0^53935987^^^^^PW-专线-W-3388-景洪市景哈岔路口-6150^5328ZTCS1ESP0567298541PA8^^^^^^^^^^PW-专线-W-3388-景洪市景哈岔路口-6150^5328ZTCS1PSW4578R3OOHN42^通道AZ端网元与伪线AZ端网元一致，且通道中关联伪线ID为空，且通道Z端端口和伪线端口均在业务接入点表中^0^2020-08-11 11:24:52^SYSTEM_NEW^2019-08-28 15:03:42^SYSTEM_NEW^2020-08-11 11:24:52^3033567899^^
^PW-全业务-EVPTREE-景东县花山政法委专线^-1361011170^53976885^^^^^2009^-1359836273^-1764541829^4807936288^PW-全业务-EVPTREE-景东县花山政法委专线^1^^4^53^^^0^0^53935986^^^^1037^PW-全业务-EVPTREE-景东县花山政法委专线^5308ZTCS1ESP2056577249PA8^^^^^^^^^^PW-全业务-EVPTREE-景东县花山政法委专线^5308ZTCS1PSW44WHOXDHIV83^通道AZ端网元与伪线AZ端网元一致，且通道中关联伪线ID为空，且通道Z端端口和伪线端口均在业务接入点表中^0^2021-12-27 04:41:54^SYSTEM_NEW^2018-12-20 04:45:48^SYSTEM_NEW^2021-12-27 04:41:54^3033567900^^
^8327-南华县局960<->8001-南华县局PTN7900_HX^-1813649546^-1836951167^--^--^^^2150^-1813231215^-1745492865^-576048437^8327-南华县局960<->8001-南华县局PTN7900_HX^1^^6^78^^^0^0^53935989^^^16^16^8327-南华县局960<->8001-南华县局PTN7900_HX^5323HWCSTESP8ea3ec357a07a58f^^^^^^^^^^8327-南华县局960<->8001-南华县局PTN7900_HX^5323HWCSTPSWce05dcf328fe136a^通道AZ端网元与伪线AZ端网元一致，且通道中关联伪线ID为空，且通道Z端端口和伪线端口均在业务接入点表中^0^2020-08-10 16:13:05^SYSTEM_NEW^2019-04-06 18:31:56^SYSTEM_NEW^2020-08-10 16:13:05^3033567901^^
^PW-全业务-7139-隆阳区市交警支队-185^-900939076^-1599170030^^^^^2015^2721728235^-1598571330^-578413192^PW-全业务-7139-隆阳区市交警支队-185^1^^8^93^^^0^0^53935997^^^102^^PW-全业务-7139-隆阳区市交警支队-185^5305ZTCS1ESP0525904005PCI^^^^^^^^^^PW-全业务-7139-隆阳区市交警支队-185^5305ZTCS1PSW44WIN9565VBH^通道AZ端网元与伪线AZ端网元一致，且通道中关联伪线ID为空，且通道Z端端口和伪线端口均在业务接入点表中^0^2020-07-22 12:07:24^SYSTEM_NEW^2019-06-01 12:33:45^SYSTEM_NEW^2020-07-22 12:07:24^3033567902^^
^PW-全业务-7158-隆阳区公安局(新)_Q-40^-869394970^-1536168711^^^^^2015^-842365996^-1534903016^3960476342^PW-全业务-7158-隆阳区公安局(新)_Q-40^1^^8^93^^^0^0^53935997^^^3500^^PW-全业务-7158-隆阳区公安局(新)_Q-40^5305ZTCS1ESP209073895388ELRG^^^^^^^^^^PW-全业务-7158-隆阳区公安局(新)_Q-40^5305ZTCS1PSW44WIN9566HOG^通道AZ端网元与伪线AZ端网元一致，且通道中关联伪线ID为空，且通道Z端端口和伪线端口均在业务接入点表中^0^2021-12-28 16:59:27^SYSTEM_NEW^2019-08-28 15:46:45^SYSTEM_NEW^2021-12-28 16:59:27^3033567903^^
^PW-全业务-7158-隆阳区公安局(新)_Q-40^-869394970^-1536168711^^^^^2015^-862939741^-1534902957^-76294825^PW-全业务-7158-隆阳区公安局(新)_Q-40^1^^8^93^^^0^0^53935997^^^3500^^PW-全业务-7158-隆阳区公安局(新)_Q-40^5305ZTCS1ESP209073895388ELRG^^^^^^^^^^PW-全业务-7158-隆阳区公安局(新)_Q-40^5305ZTCS1PSW44WIN9566HOG^通道AZ端网元与伪线AZ端网元一致，且通道中关联伪线ID为空，且通道Z端端口和伪线端口均在业务接入点表中^0^2020-07-21 11:50:53^SYSTEM_NEW^2019-08-28 15:46:45^SYSTEM_NEW^2020-07-21 11:50:53^3033567904^^
^PW-全业务-7158-隆阳区公安局(新)_Q-40^-869394970^-1536168711^^^^^2015^-862939741^-1534902956^-76294825^PW-全业务-7158-隆阳区公安局(新)_Q-40^1^^8^93^^^0^0^53935997^^^3500^^PW-全业务-7158-隆阳区公安局(新)_Q-40^5305ZTCS1ESP209073895388ELRG^^^^^^^^^^PW-全业务-7158-隆阳区公安局(新)_Q-40^5305ZTCS1PSW44WIN9566HOG^通道AZ端网元与伪线AZ端网元一致，且通道中关联伪线ID为空，且通道Z端端口和伪线端口均在业务接入点表中^0^2020-07-21 11:50:53^SYSTEM_NEW^2019-08-28 15:46:45^SYSTEM_NEW^2020-07-21 11:50:53^3033567905^^
^PW-全业务-7158-隆阳区公安局(新)_Q-596^-869394970^-1524769186^^^^^2015^-842365767^-1524014679^3960471631^PW-全业务-7158-隆阳区公安局(新)_Q-596^1^^8^93^^^0^0^53935997^^^3501^^PW-全业务-7158-隆阳区公安局(新)_Q-596^5305ZTCS1ESP20907389844FVLZ5^^^^^^^^^^PW-全业务-7158-隆阳区公安局(新)_Q-596^5305ZTCS1PSW44WIN9566KYA^通道AZ端网元与伪线AZ端网元一致，且通道中关联伪线ID为空，且通道Z端端口和伪线端口均在业务接入点表中^0^2021-12-28 16:58:53^SYSTEM_NEW^2019-10-15 11:48:44^SYSTEM_NEW^2021-12-28 16:58:53^3033567906^^
^9-枢纽楼10F城区3（10F上）_HX<->2656-五华区火炬大厦^53963264^53963596^--^--^^^366322^0^0^3959788814^9-枢纽楼10F城区3（10F上）_HX<->2656-五华区火炬大厦^1^^2^10304^^^0^0^53935984^^^46^46^9-枢纽楼10F城区3（10F上）_HX<->2656-五华区火炬大厦^5301HWCSTETP82c13a45f3b1b303^^^^^^^^^^9-枢纽楼10F城区3（10F上）_HX<->2656-五华区火炬大厦^5301HWCSTPSWe4f8335a084f186e^通道AZ端网元与伪线AZ端网元一致，且通道中关联伪线ID为空，且通道Z端端口和伪线端口均在业务接入点表中^0^2021-06-15 10:21:56^SYSTEM_NEW^2018-12-19 19:35:15^SYSTEM_NEW^2021-06-15 10:21:56^3033567907^^
